1473
62.1487  72.5743  6.06106
64.4771  73.382  4.23454
73.4787  81.0781  4.08945
72.4182  79.4832  9.78444
64.5082  72.1579  9.10605
-18.6767  17.6914  9.15362
-17.5842  24.9849  11.7285
-9.57318  28.3215  15.7533
-8.39403  21.0181  14.2381
-19.7204  35.2574  14.192
-10.5491  36.3101  16.8805
-21.6876  42.8079  14.7597
-24.2838  49.5858  14.0185
-16.0724  49.2763  16.2074
-14.1801  42.2525  16.5177
-25.925  56.6914  13.603
-17.7764  55.8412  15.5163
-27.0079  62.3046  13.1389
-19.8436  62.2756  14.9559
-34.5179  90.3946  9.54475
-30.1045  94.2643  10.94
-27.0937  86.2276  13.2055
-31.6695  85.2601  11.6259
-0.643825  27.2741  16.6434
4.25381  34.4378  15.87
7.15269  34.6793  16.2267
4.96894  27.7026  17.2234
-4.66174  38.7133  16.4375
-1.48147  42.998  14.7547
1.34462  38.1566  14.8989
-3.05032  33.2923  16.721
-2.96951  50.0632  13.3116
1.07941  47.875  12.6037
-3.8713  46.7255  14.6238
-12.084  61.9669  13.2977
-5.17239  63.1544  10.8166
-3.33111  56.7672  10.8508
-9.00751  54.81  13.4086
-21.0294  84.7062  12.4421
-23.9191  92.5258  8.30348
-18.2251  91.3853  8.89967
-15.9965  85.9748  11.9321
10.3853  67.948  7.02022
5.43414  66.8187  8.01235
4.81075  71.9418  8.0342
9.75451  74.0828  7.3067
-5.84873  99.1122  3.79291
0.118916  96.1409  5.55387
3.53997  96.2937  8.10917
-2.60134  91.7149  8.29634
15.5952  70.0933  6.76038
14.8929  74.2476  7.01969
21.7678  78.0135  7.49355
22.3751  74.3039  7.21528
9.00917  101.214  6.54307
9.6522  93.9972  8.11509
36.1365  82.638  6.20589
30.3585  79.9748  7.6382
29.4423  82.6922  7.69496
34.8425  84.3534  5.79672
28.9466  101.824  7.06549
29.7972  96.1152  7.20115
23.4423  94.8783  7.14995
22.6715  102.699  5.67478
-28.1464  67.419  12.92
-27.0611  70.1077  13.9545
-22.565  70.7046  14.3497
-21.6054  67.581  14.4398
-14.4792  67.8456  13.1804
-15.6524  70.7297  12.9845
-8.63505  72.7098  10.8115
-8.71172  68.934  11.3062
2.43741  78.2431  8.02062
7.55559  80.8549  7.49499
8.49164  78.2292  7.48219
3.35721  75.3164  7.98203
13.4004  82.5765  7.43705
20.3924  85.0281  7.7655
21.0589  82.6859  7.8111
14.0774  79.2984  7.38338
2.43994  55.3143  9.78444
5.64104  53.5535  9.44666
3.24806  51.4186  10.7593
-0.178721  52.7106  11.4547
8.90292  51.6  9.50111
5.92239  48.417  10.7811
10.6965  45.2304  11.8846
8.71676  46.2218  11.2224
12.0036  50.7378  10.0866
14.0969  50.4123  10.8749
36.7228  80.7734  6.53537
37.321  78.5424  6.95312
31.0268  75.7177  8.22282
30.8721  78.1766  7.70916
22.716  72.5697  7.28613
21.7914  69.7391  7.63012
15.1214  66.1195  7.04072
15.9344  68.2978  6.80569
9.13699  63.4078  7.48966
7.64019  64.8799  7.55931
11.5607  66.2526  6.95346
11.8102  65.0607  7.09216
-4.01654  53.3194  12.2918
-0.283577  56.128  10.1927
1.89367  82.2819  8.07899
6.54749  86.1598  7.86751
-17.4635  74.7257  13.082
-11.2065  77.0575  11.4006
-30.0285  74.5919  12.5448
-24.0675  75.2419  14.3008
-8.14  48.7584  14.9741
-7.32743  43.2227  16.1068
16.8509  94.5657  7.1024
17.3689  103.147  4.5704
8.45063  57.2176  8.26157
5.46077  59.0782  8.4751
11.9042  61.7307  7.51769
16.3447  62.2948  7.90311
11.9504  55.9855  8.47345
20.7948  62.9042  8.70128
15.27  55.5845  9.0529
25.0356  63.222  9.68081
17.7009  55.3487  9.82367
4.24981  43.9105  12.7651
6.84827  41.224  13.3346
8.65958  39.9274  14.0153
3.38921  60.0324  8.71168
0.576415  61.4235  9.33019
0.451109  67.8112  9.07973
-2.46266  71.8836  9.40893
-2.19993  75.4062  9.00722
-4.03181  79.5633  9.48526
-10.0634  88.9053  10.3639
-11.4474  96.6046  7.13583
28.9355  87.7975  7.93873
33.8135  86.8706  5.33675
38.2268  74.4101  8.11795
32.55  70.7112  9.33764
-22.9119  16.4504  2.32729
-22.3954  23.256  4.4006
-24.9598  32.8833  6.55508
-26.7411  41.9869  8.3159
-29.4149  51.1587  8.10251
-30.7918  58.3716  8.2903
-31.5664  63.8691  8.98397
-33.2425  70.2471  8.05239
-35.2365  82.6399  6.98478
-37.6535  91.0733  6.15268
-23.3091  13.483  -3.42474
-22.4763  21.9987  -3.69637
-25.2464  32.1062  -1.64295
-27.1363  40.3507  -0.0723948
-29.4774  49.0163  0.99274
-31.1105  56.7978  1.76723
-32.6256  64.2466  2.88062
-35.9751  83.3988  0.0456546
-37.9692  90.4086  1.48026
-34.5432  73.172  2.87518
-20.6302  14.6106  -9.01039
-19.0105  23.2051  -10.1382
-21.5964  31.4508  -8.16831
-24.0406  40.0958  -6.91269
-26.392  48.5234  -5.71639
-28.2071  56.0166  -4.62581
-29.9678  63.6608  -3.62294
-33.1879  84.4682  -4.4706
-35.3981  91.0522  -3.59921
-32.2165  73.4838  -2.80052
-15.7852  14.8377  -13.7807
-8.22985  16.15  -17.2609
-8.40657  25.2351  -17.2531
-13.8123  24.0116  -14.5352
-10.8198  31.5605  -15.6862
-16.2516  31.0038  -12.4727
-13.3471  39.8029  -14.7773
-19.1535  40.2608  -11.8004
-15.7087  48.4178  -14.0712
-17.5199  56.1786  -12.9992
-23.1673  56.0607  -9.63845
-21.3224  48.4136  -10.8645
-20.3008  66.3154  -11.7342
-25.8779  63.8577  -8.4486
-28.6958  84.2814  -7.05158
-23.3571  84.7598  -9.29347
-25.3447  92.8064  -6.58659
-31.046  92.3246  -6.72171
-26.5603  73.1865  -8.1378
-21.0012  76.0643  -10.9412
-11.4457  82.1322  -15.8633
-12.8273  91.6408  -13.9938
-19.7693  92.8096  -9.34021
-17.3236  83.032  -12.2458
-4.65839  75.514  -17.5007
-6.00572  85.8764  -15.8234
-10.4258  72.6474  -16.623
8.38817  15.9566  -20.8723
8.72615  25.0864  -21.7497
5.23335  24.8598  -21.4857
6.49608  20.2276  -21.747
7.50452  32.6862  -22.1543
3.45666  31.9277  -21.2923
6.19372  40.0742  -21.9372
1.85567  39.6684  -20.9994
5.24724  47.2621  -21.3437
4.62756  55.3721  -20.9967
-0.762049  55.6046  -19.9973
0.525122  47.7915  -20.673
3.80097  63.5977  -20.1263
-2.20668  62.4854  -18.5908
0.834612  84.5352  -16.6971
0.261392  94.3711  -13.2038
-4.93421  91.2466  -13.29
2.64108  73.2333  -18.7124
14.1842  16.6025  -20.4436
12.776  25.072  -21.4187
11.9596  32.8302  -21.9481
11.0206  40.6957  -22.3273
9.73597  47.2445  -22.3786
10.1204  54.0086  -21.5944
8.28609  60.5496  -20.8144
8.03218  83.5437  -19.9398
7.56987  93.0433  -17.9087
8.38003  70.9369  -20.1739
18.762  18.1871  -19.9488
18.0545  24.9176  -20.1727
17.1371  32.7684  -20.7891
16.4103  40.6799  -21.1904
14.4373  47.9635  -21.466
16.0491  54.6835  -20.8908
14.4055  63.442  -20.8027
14.4225  84.731  -17.6152
14.8768  95.0126  -13.9707
14.2836  74.2258  -19.3139
21.753  20.3247  -18.8939
25.6995  19.8138  -16.5665
27.8444  24.8732  -15.2822
23.5652  25.8684  -17.8576
28.5765  30.3039  -15.3221
22.9883  32.2962  -18.5431
30.6298  38.5179  -15.3481
22.7086  40.1654  -19.0464
20.9922  48.3302  -19.851
28.5961  48.9618  -17.7569
30.0488  57.2982  -17.1732
22.5592  56.9373  -19.667
29.7481  66.0574  -16.5944
22.2535  65.3934  -19.025
22.4623  85.2582  -15.6435
30.5101  85.3771  -15.2139
29.5795  93.6371  -14.3471
22.5097  98.4202  -12.5166
29.5046  76.4192  -15.6713
22.4357  76.9291  -18.0226
37.6097  17.6227  -6.26138
41.7645  23.8268  -4.80557
39.3901  24.13  -7.69286
36.4755  19.5944  -9.70691
46.603  29.5729  -4.53206
44.2804  29.9687  -6.38582
36.6731  31.647  -11.5336
43.2896  38.9997  -9.50594
37.7733  49.6533  -13.5266
39.0135  60.7063  -13.3184
35.2829  87.5718  -10.4917
34.3735  92.951  -10.3872
35.9377  79.1857  -11.0273
37.9318  70.7103  -12.508
32.9596  61.9075  13.4745
32.9302  65.9604  10.9605
38.9686  70.1193  10.0301
39.0455  63.4776  13.929
12.641  44.6581  13.1459
11.0146  38.9056  15.5385
16.592  50.1855  12.5094
9.45208  32.8509  17.7316
8.75594  26.2719  18.202
27.0057  60.8497  11.5588
20.407  54.7858  11.2469
17.313  43.5035  16.4035
16.1803  37.1004  18.952
22.0301  49.4213  15.8127
14.5909  30.5779  20.1847
13.2221  24.3157  19.2321
29.1256  59.0638  13.6938
25.2192  41.296  19.7017
23.5068  34.1215  21.6927
29.8221  49.5692  18.4921
21.3419  26.5418  21.2327
18.0059  21.214  18.956
33.2486  37.3889  21.4296
31.0656  30.3599  22.0039
32.7867  57.0482  16.35
39.2458  55.1795  18.3746
36.6062  45.8618  20.5084
29.4123  23.3558  20.2681
24.641  19.9437  18.5125
-34.1536  93.9135  9.89857
-31.7499  97.8176  10.0355
-27.8515  99.6413  7.40146
-38.1282  94.2901  6.76332
-39.2672  93.8155  2.28345
-37.9379  95.5915  -2.7397
-30.2734  98.8397  -5.57402
-33.5553  94.7882  -5.78866
-36.3827  97.2855  9.12677
-32.3689  100.407  9.53779
-29.7595  105.766  6.59919
-39.8278  97.124  5.60721
-40.1397  96.4582  1.51553
-39.6581  99.0976  -2.72451
-31.653  100.693  -4.74774
-35.752  99.4552  -5.33004
-39.0442  106.174  10.0209
-35.5426  108.595  10.0686
-32.3724  111.122  7.51602
-43.0269  106.085  6.695
-43.2651  104.478  1.05828
-41.3598  105.75  -3.7719
-34.1889  106.577  -4.35414
-37.2462  105.005  -5.37389
-41.947  112.161  9.49441
-37.6996  114.472  9.84358
-35.3387  116.74  8.00613
-46.1819  111.826  6.1308
-46.6226  114.266  -1.5379
-47.8913  113.477  2.8854
-46.3069  110.547  1.83873
-44.4234  110.93  -2.58202
-37.4016  114.405  -3.91728
-40.5678  111.269  -4.76598
-25.3782  100.383  1.84022
-27.2066  103.09  2.01146
-28.541  106.083  1.58666
-30.2606  109.948  2.8764
-33.3637  117.293  3.84195
-28.124  102.102  -2.21601
-25.9681  98.3642  -2.73887
-29.8112  104.949  -1.89055
-31.7126  109.541  -1.30342
-34.2892  116.375  -0.646009
-44.6942  114.511  8.53129
-39.7558  116.783  9.43941
-35.558  118.905  6.67055
-47.252  113.538  6.09882
-34.2606  119.708  3.38971
-44.1978  117.653  9.31505
-40.7867  118.867  9.7666
-37.9568  120.599  8.13995
-47.8057  116.059  6.22035
-49.6315  119.145  1.03691
-49.5109  119.206  4.78073
-48.8209  116.45  1.82869
-47.3057  117.883  -2.19527
-47.9356  119.58  -2.10979
-43.0226  115.74  -4.24291
-38.7604  118.685  -3.40347
-40.2647  122.203  -3.38959
-44.1406  120.436  -4.153
-35.7657  121.802  3.75768
-35.2282  119.671  0.339405
-37.2541  122.281  -0.597155
-47.2228  120.656  8.16032
-42.6773  122.013  9.17518
-39.0774  124.494  6.60451
-37.6285  125.197  2.52476
-47.6871  126.41  8.28157
-44.042  127.8  8.41246
-42.0221  130.596  6.40626
-50.9178  125.046  5.93566
-51.8135  125.041  1.44541
-50.1044  125.904  -2.5594
-42.4269  123.284  -3.7519
-43.7883  128.777  -3.43256
-47.2142  126.916  -3.95607
-45.6069  121.282  -3.88092
-40.2931  130.88  2.51564
-38.875  123.608  -1.09562
-41.9939  132.073  -1.24178
-50.3731  128.94  7.25903
-46.0222  130.973  8.06548
-42.8165  133.306  6.10746
-52.6955  127.728  4.71022
-53.475  129.17  1.51623
-51.619  129.209  -2.09073
-45.4043  133.687  -3.29278
-48.8371  131.636  -3.85573
-41.5007  134  3.45573
-42.6333  135.112  -0.317113
-50.1459  132.626  8.12868
-47.0137  133.639  8.52078
-44.5829  135.379  7.18469
-53.7946  131.756  5.26922
-54.7299  132.546  1.45019
-52.619  132.741  -1.87593
-46.2755  136.535  -2.88339
-49.2076  134.364  -3.64169
-42.7246  136.889  3.3584
-44.049  138.584  -0.575635
-53.7502  138.032  7.85579
-49.232  139.554  8.50845
-45.4067  140.606  6.33404
-56.2325  137.986  5.39734
-56.4742  136.997  2.56513
-55.1305  136.955  -0.678957
-47.2852  140.718  -2.45786
-50.9439  137.672  -2.95114
-44.9752  142.777  2.49186
-45.7533  142.831  -0.874806
-54.193  143.905  8.17688
-51.2583  145.192  8.59755
-48.2423  145.864  6.55097
-57.0304  143.13  5.70291
-57.9454  141.732  2.77765
-57.2447  141.155  0.163397
-50.7197  143.175  -2.39296
-49.7095  141.172  -2.06433
-51.778  140.845  -1.67227
-51.8153  141.631  -2.32345
-47.5125  147.906  2.78994
-47.1548  146.685  0.0170478
-48.3482  145.275  -1.95173
-49.5301  148.08  2.54363
-49.1074  146.411  4.79932
-51.5039  144.865  6.7305
-53.544  149.063  4.26221
-54.8956  144.501  6.24379
-56.0513  144.869  4.17849
-54.2129  150.097  1.43852
-55.4477  148.999  -0.660343
-50.1927  147.752  -0.896645
-48.9461  148.065  0.630366
-56.9835  143.987  2.23202
-57.0454  142.586  0.638313
-22.955  99.8646  3.18359
-23.4126  98.3181  -2.50895
-54.2552  141.803  -0.547499
-54.8923  142.26  -1.02137
-53.5325  146.94  -0.997818
-49.5093  141.672  -2.76682
-51.6552  139.339  -2.96102
-49.6117  144.794  -2.12424
-54.976  148.543  -1.66538
-51.233  146.765  -1.56655
-55.8452  142.66  -0.357968
-56.4942  142.012  -0.665116
-54.5193  139.347  -1.70243
-50.2056  142.708  -2.40588
-52.1322  140.515  -2.38668
-49.4748  142.406  -1.93658
-54.698  147.557  -0.992855
-51.3036  146.44  -1.16096
-55.293  141.697  -0.199285
-55.9434  142.504  -0.512536
-54.7523  140.652  -1.2662
-53.5715  141.066  -1.73016
-51.1862  145.365  -1.43001
34.6492  100.361  4.54639
33.9768  92.1827  4.85774
-8.07678  65.0321  -18.1503
-6.08413  55.1227  -18.665
-4.35295  47.6556  -19.4088
-2.57076  39.8555  -19.9054
-0.722898  31.6662  -20.222
1.22901  23.938  -20.4202
3.45413  17.3132  -20.78
-18.2728  99.3693  4.82925
-12.7371  103.337  4.50555
-8.04842  104.384  1.39515
-22.5769  103.01  0.36674
-21.9434  99.811  -6.04378
-19.4541  97.0486  -10.306
-10.1142  96.889  -11.9851
-15.8802  95.7478  -12.5848
-18.3188  105.922  4.25016
-12.0593  105.389  4.057
-8.17379  109.713  0.970239
-23.0643  108.387  0.113366
-22.8037  106.576  -5.64779
-19.5386  103.756  -11.1141
-14.9472  101.595  -12.999
-11.137  104  -11.7507
-20.5082  110.833  3.89555
-15.2934  109.369  5.05028
-9.93887  112.137  2.53646
-23.5747  112.773  0.268965
-23.6699  112.023  -5.44319
-20.2597  108.267  -10.6652
-12.1153  111.078  -11.734
-16.2741  108.151  -12.9547
-21.4307  119.464  3.09779
-16.1086  122.566  4.39329
-11.4744  124.035  2.02558
-24.5761  117.43  -1.69059
-23.8801  126.21  -10.3258
-26.0113  126.223  -6.10602
-24.8887  120.216  -6.42655
-22.0495  119.243  -10.8922
-13.0095  118.873  -11.5641
-17.3988  116.635  -12.8236
-6.25135  110.316  -3.48571
-4.96661  107.665  -3.04527
-6.87418  113.182  -3.16859
-7.80955  117.489  -2.75987
-9.19568  125.316  -3.08182
-6.86068  104.883  -8.42585
-4.50132  99.1234  -8.56876
-7.79083  109.875  -8.32952
-8.48598  113.714  -7.80937
-9.59483  121.615  -7.77817
-20.9047  126.327  3.169
-16.0567  127.188  3.68024
-12.099  128.918  1.00286
-25.0461  124.781  -1.20877
-9.57217  129.006  -3.42179
-22.5328  131.335  1.91824
-17.3233  130.661  3.1835
-13.6347  133.654  1.50809
-25.9758  131.417  -2.25896
-26.2257  139.976  -8.3094
-26.626  139.601  -3.52724
-26.1611  131.975  -7.15147
-23.642  132.862  -11.2675
-23.4694  140.632  -11.9714
-18.8274  126.991  -12.7221
-13.2532  128.081  -11.2981
-15.5787  134.913  -12.2941
-20.1795  134.497  -13.0407
-10.7183  133.413  -3.25126
-10.1688  128.854  -7.19137
-11.7272  134.293  -8.61551
-23.7144  140.245  0.910077
-18.3617  138.072  2.46648
-14.2033  140.975  0.243217
-12.2374  142.894  -4.72571
-23.4038  147.105  1.05341
-19.2036  145.524  1.72553
-15.1292  146.294  -0.433237
-26.0702  144.76  -1.86159
-26.3967  142.454  -6.59079
-24.6623  142.961  -10.6085
-16.3287  140.331  -12.2826
-16.5331  147.34  -11.8544
-21.0231  145.544  -12.6873
-19.2193  137.485  -12.9782
-13.0721  147.465  -4.47905
-13.1971  139.147  -9.53011
-13.4143  146.095  -8.52511
-24.0078  149.042  0.276584
-19.5553  148.67  1.22294
-15.9138  151.92  -0.616221
-27.0205  149.394  -3.07553
-27.8146  150.754  -6.86048
-25.3638  149.464  -10.564
-16.3731  154.434  -11.3721
-20.9845  152.746  -12.6364
-13.9311  154.59  -4.08812
-13.9037  154.946  -7.99522
-25.4028  156.249  -0.260128
-20.3368  154.559  1.0178
-16.3505  157.04  -0.857921
-28.337  155.814  -4.16028
-28.1459  156.484  -8.22562
-25.3718  157.375  -11.5259
-18.4416  158.699  -12.2299
-22.0075  158.19  -12.9001
-14.2617  158.489  -5.02559
-15.0068  159.501  -9.35994
-26.3921  166.052  -0.216179
-20.8838  163.514  0.55203
-16.2611  164.775  -1.9791
-28.9209  163.892  -3.07959
-29.4037  163.588  -6.86762
-27.4216  163.489  -10.1213
-17.5917  164.199  -11.3829
-22.447  162.328  -12.1603
-14.6643  165.389  -6.16841
-15.3538  166.159  -9.29129
-26.6003  171.566  -0.365008
-22.6741  172.086  0.200959
-18.242  171.054  -1.06763
-28.9496  171.406  -3.13724
-29.9223  170.26  -6.52749
-29.1002  169.848  -9.11861
-21.2288  167.587  -11.0535
-19.8858  167.324  -10.409
-23.1428  169.825  -10.6097
-23.1703  166.778  -11.0043
-16.1731  172.274  -4.92672
-15.8645  171.77  -8.52521
-17.3479  170.859  -10.6784
-17.7283  173.307  -5.21094
-18.881  171.404  -2.58887
-22.2789  172.87  -1.56901
-22.5239  176.824  -4.6668
-25.3992  171.207  -1.73987
-27.0797  172.985  -4.47093
-24.3134  177.641  -8.01161
-24.0122  176.762  -10.5984
-18.7906  173.139  -9.73545
-18.005  173.577  -7.50568
-28.601  172.139  -6.46681
-27.9217  171.755  -8.74847
-25.4914  169.585  -9.7794
-25.2712  166.131  -9.87294
-23.9229  173.743  -10.6174
-19.6255  166.34  -11.8167
-22.9516  164.64  -11.9364
-18.592  170.796  -10.9342
-23.8835  176.016  -11.3632
-19.6061  172.211  -10.5428
-26.6523  171.077  -9.95455
-27.564  169.48  -10.1381
-25.7291  165.006  -11.1884
-19.8443  168.059  -11.0759
-22.0913  165.879  -11.5044
-19.0912  169.683  -10.5444
-23.2657  174.92  -10.9283
-19.2773  171.221  -10.4674
-26.0444  170.565  -9.77666
-26.4489  168.203  -9.637
-25.2045  166.754  -10.6441
-24.7268  167.504  -10.5767
-20.4127  170.624  -10.5097
-2.43657  107.385  -0.079442
-2.43012  101.838  -6.46926
-15.4859  74.2368  -13.826
3.25902  104.868  3.84925
9.0392  106.172  4.81635
14.1631  107.183  3.21532
-1.12984  110.018  -0.641547
-1.73231  105.219  -5.53897
0.634097  102.089  -11.1642
12.7764  101.82  -12.1402
6.92803  102.483  -15.2932
2.69619  111.32  3.39465
8.88268  108.893  4.58834
14.4239  113.403  2.23923
-1.02269  112.293  -0.714137
-0.79852  111.285  -6.85707
3.37916  108.514  -13.5311
12.9005  108.713  -12.8955
8.1392  103.315  -14.6196
2.42793  118.478  3.5415
8.16124  117.761  5.22087
13.5487  120.725  2.88136
-0.549676  116.904  -0.72527
-0.255667  120.051  -6.93616
2.64758  115.625  -11.9895
12.6355  117.269  -12.5481
7.77057  114.411  -14.6175
4.24163  130.392  3.77359
9.56594  130.676  4.68888
13.2564  132.862  2.56793
-0.265486  129.042  -1.69512
1.59068  136.028  -11.0427
-0.983498  135.613  -6.27923
-0.322041  130.741  -7.94027
2.61108  129.022  -11.8513
12.6273  129.515  -12.1514
7.60413  127.069  -13.9086
17.0548  109.763  -2.72051
18.1831  107.419  -0.448093
16.9989  114.129  -3.49416
16.34  119.547  -2.5169
16.3843  132.142  -2.22413
15.6709  107.038  -8.33396
17.3909  102.598  -7.35473
16.1981  112.59  -8.30823
15.5724  117.521  -7.85039
16.0472  130.607  -7.81031
3.04472  135.402  2.20172
8.63276  135.458  3.74457
13.7186  137.142  1.13482
-0.411985  135.605  -1.54564
16.6667  136.884  -2.91219
2.22019  139.45  1.42609
7.79363  140.235  3.03403
12.6392  142.058  1.6159
-0.536371  140.92  -2.53148
0.565521  149.186  -8.96719
-0.071859  149.756  -3.47605
-0.380534  141.667  -7.59496
2.742  142.31  -11.9117
3.75693  149.182  -12.6855
7.45087  136.262  -13.283
13.4838  136.564  -11.3726
12.0987  142.645  -12.179
7.35096  144.114  -13.6118
15.8947  141.241  -2.58518
16.4109  136.764  -6.87849
15.4996  142.18  -8.13398
2.99684  146.789  1.21447
8.15945  148.957  2.37521
12.7049  149.293  0.613397
15.2387  149.449  -3.65423
3.62256  152.426  0.710278
8.26951  151.779  1.6728
11.948  154.07  -0.163213
0.342041  155.416  -2.84407
0.0931359  154.581  -7.44438
2.79953  152.889  -11.5807
10.7378  149.411  -12.8501
11.1315  153.754  -11.8436
6.83869  151.054  -13.1171
7.18218  149.283  -13.8628
14.4943  155.26  -4.26628
14.3956  150.392  -8.86029
14.1316  156.603  -8.53155
3.18687  160.078  0.00841138
7.64031  159.452  1.15177
11.8699  160.721  -0.587037
0.118696  160.549  -3.66644
-0.218645  161.706  -7.56702
1.84385  161.796  -11.1241
12.115  162.416  -11.4758
6.81972  161.927  -13.1055
14.5123  161.405  -4.5184
14.5133  162.649  -8.30283
2.9569  164.668  -0.192309
7.44181  163.448  1.0197
11.7651  165.173  -0.726922
-0.0746189  165.343  -3.92824
-0.0282243  166.565  -8.58399
3.0915  166.37  -12.2977
10.7393  167.356  -12.2679
6.63073  166.649  -13.4232
14.3945  166.009  -4.86798
14.0266  166.77  -9.06842
2.07542  171.254  -0.814585
7.00067  172.239  0.432567
12.1472  172.866  -1.86389
-0.47806  172.993  -4.23978
-0.829298  172.934  -8.23238
1.28609  171.018  -11.1287
11.3393  172.434  -12.0117
6.39868  169.95  -12.9895
14.264  173.063  -5.92868
13.58  172.972  -9.76417
2.53556  175.705  -0.720429
6.3804  175.232  0.491658
9.74893  175.315  -0.882387
-0.512444  179.972  -3.96038
-1.32873  178.553  -7.28838
-0.136509  177.416  -10.0855
12.8421  178.552  -4.5308
13.7374  179.364  -8.48493
12.3763  178.348  -11.038
10.4114  183.689  -5.28225
9.56882  182.559  -2.79078
6.10545  182.162  -1.11813
5.77527  186.256  -4.02759
2.18164  181.431  -2.28668
1.05422  182.044  -4.57251
5.61996  186.56  -7.66906
5.56336  185.071  -10.6092
10.8183  180.311  -9.72206
11.8638  181.478  -7.62938
-0.356729  179.941  -6.73405
0.450374  179.223  -8.90124
9.68701  173.918  -12.5901
5.84951  172.141  -12.9248
11.0754  178.803  -11.7353
5.57508  183.165  -11.593
9.7251  180.393  -11.0385
1.53943  179.864  -10.288
1.10258  177.366  -10.9523
2.47123  173.208  -12.025
9.27988  175.346  -12.0979
6.76406  173.291  -12.4485
10.4162  179.106  -11.3942
5.59829  182.2  -10.8197
9.91596  179.904  -10.8854
1.67542  179.6  -9.94742
1.69332  178.687  -10.559
3.49672  174.103  -11.7998
6.23388  174.25  -11.6228
3.59378  175.661  -10.9963
2.64104  179.386  -10.2383
5.61313  181.079  -10.5867
8.64459  179.505  -10.7557
8.41829  175.545  -11.4903
-13.6228  65.5451  -15.5345
-11.4303  56.0087  -16.3974
-9.37882  47.5154  -17.0326
-7.42852  39.7899  -17.7294
-5.25352  31.8032  -18.5298
-3.32117  23.9222  -19.2185
-1.70763  15.0623  -19.3686
20.0804  107.566  0.891678
20.4293  104.533  -5.85987
23.7935  108.086  4.00389
30.4216  105.017  6.08877
36.4397  104.512  3.96494
20.6856  109.218  0.165978
21.1382  108.596  -4.94217
23.7808  105.863  -11.483
35.6041  101.261  -10.7099
29.3087  98.9081  -13.4923
24.878  113.375  4.23644
28.9967  109.215  6.33859
35.9837  110.216  5.25564
21.8763  112.409  -0.925014
22.4638  111.586  -8.06497
24.5442  109.543  -11.9174
36.5949  108.661  -9.8626
29.9191  107.16  -12.5498
27.3692  121.13  5.1049
33.1676  121.804  7.14319
38.4017  123.241  6.18069
24.2982  120.986  -0.0358154
24.6605  120.882  -5.92505
27.3678  119.432  -11.0602
38.9394  121.033  -9.05792
33.6678  120.882  -11.5335
30.3571  131.268  5.34763
35.4214  130.658  6.72191
39.9954  131.161  4.85464
26.5764  131.011  0.852636
31.2287  137.075  -9.35566
27.6651  136.093  -5.55677
26.2938  130.91  -4.42505
30.0846  130.258  -9.4434
40.2267  129.592  -8.61639
35.9169  128.898  -10.7471
38.9167  104.162  -0.504595
38.1  98.8938  -0.0964075
39.4088  109.109  0.34949
41.5896  122.679  1.51065
43.3032  131.968  0.608198
38.744  102.75  -6.03579
37.8586  96.2367  -5.52576
39.5332  109.034  -5.24834
41.6452  121.325  -4.45068
42.9935  130.047  -4.14051
29.1384  135.729  3.15065
35.2221  135.511  5.65078
41.3352  135.094  3.57661
26.6994  135.41  -1.33783
43.8982  134.909  0.329447
30.9337  138.753  4.11049
34.9266  139.723  5.51893
39.7554  138.829  4.64338
28.0244  139.578  -0.556509
29.67  145.578  -5.721
28.6348  143.897  -1.73231
28.5346  139.082  -5.89476
31.4071  137.888  -9.35426
32.0766  144.769  -8.79655
36.5185  134.926  -10.48
41.7118  134.871  -7.91545
40.174  136.368  -8.57713
35.6338  137.318  -10.3271
43.3943  137.576  0.418912
43.956  134.835  -3.32955
43.0865  136.55  -4.60934
30.6998  141.897  3.06406
35.6564  142.007  4.97627
40.5078  142.096  3.33791
43.3815  142.796  -0.627763
33.8471  151.819  3.80505
38.1271  150.899  4.4258
42.0051  151.187  2.55985
30.769  152.639  0.453182
30.5742  152.816  -4.32939
32.427  149.057  -8.115
40.1349  144.094  -9.22621
40.7035  147.528  -8.29249
36.4466  147.196  -9.73812
35.8658  143.86  -10.33
44.5063  151.187  -1.14586
43.3405  144.166  -5.38157
43.8879  150.314  -5.07851
33.5109  155.101  2.93758
38.2546  154.239  3.8293
42.7017  154.085  1.98584
30.971  155.998  -0.409511
30.9353  156.977  -4.05887
33.241  156.676  -7.62902
42.4346  155.762  -8.00309
37.6501  154.776  -9.49604
44.8182  154.655  -1.18702
45.0345  155.496  -4.69888
33.7932  158.7  2.94743
37.4097  157.279  4.04331
42.0731  157.451  2.61895
31.334  159.758  -0.399123
31.6464  160.942  -4.72528
34.2439  160.698  -8.10008
42.5667  160.394  -8.1586
38.0502  158.806  -9.34753
45.0872  158.326  -1.21487
45.0531  159.05  -5.23676
34.0295  164.699  2.67224
38.7188  164.906  3.72337
43.4371  163.811  2.11198
32.1332  166.171  -0.377027
32.0441  167.802  -3.89509
33.7157  165.547  -6.99842
43.3511  165.115  -7.8657
38.5469  163.662  -8.79951
45.667  165.568  -1.57406
45.427  165.162  -5.68832
35.5076  170.857  2.10889
39.4624  172.613  2.57105
43.0289  169.413  1.78853
33.405  172.411  -0.962418
33.0945  173.48  -3.51407
33.9458  172.499  -5.7503
40.9782  169.066  -7.35324
40.9977  167.658  -6.33198
38.9295  169.476  -6.84788
39.1316  168.667  -7.56174
45.2216  170.581  -1.29744
45.8328  171.214  -4.2876
44.8566  170.656  -6.68191
44.1204  173.501  -2.48781
42.1377  172.461  0.0132096
39.5684  174.791  0.365288
39.975  176.99  -2.25189
36.3828  172.788  0.132922
34.7808  173.506  -2.1324
40.219  178.06  -4.89971
40.5855  177.564  -6.47921
43.5837  173.771  -5.66748
43.6431  174.691  -4.21028
35.2212  174.17  -4.08858
36.1799  174.514  -5.66659
36.5519  169.8  -5.89433
36.4143  169.319  -6.45879
39.252  173.888  -6.55315
41.9666  166.995  -8.16997
38.8137  165.99  -8.79373
43.7387  171.329  -7.05799
39.1345  176.588  -6.78033
42.6656  173.177  -6.47496
35.0349  171.491  -5.84019
35.1866  172.313  -6.49579
35.8571  167.721  -7.78085
41.9972  168.378  -7.53776
39.0001  167.464  -7.76825
42.5377  169.902  -6.58406
40.5147  175.296  -6.73548
42.5792  172.06  -6.17898
36.2694  170.993  -5.98719
35.8601  172.033  -6.13262
36.2888  169.275  -7.08091
37.6025  169.134  -7.26505
41.3796  171.682  -6.26729
36.861  90.6268  0.790134
37.2884  88.5281  -4.70749
37.6385  86.6822  1.63053
39.684  83.4475  -4.06923
39.3431  84.323  2.5952
40.0717  83.4264  4.34229
40.838  81.6738  4.65121
42.8307  78.3986  4.8685
47.7316  73.524  4.75086
48.6223  70.9211  7.64654
43.8119  73.0834  7.71024
44.4024  78.1017  1.50191
48.754  71.8305  1.60995
42.5048  74.3237  -7.1585
45.3987  63.678  -8.71714
26.0681  88.7616  8.08279
28.2612  89.945  7.54193
21.0481  88.6452  7.62802
14.0967  86.7036  7.62858
66.6764  72.9038  0.318388
75.6087  78.4022  -0.686975
70.5601  69.3643  -4.28407
77.5817  74.2227  -3.12958
69.6016  72.0167  -2.2293
68.4053  69.8637  12.7394
74.3358  76.4676  13.5385
71.9928  65.7123  14.1756
77.7671  71.9438  15.2749
75.9271  60.975  12.7747
80.2692  66.1878  14.3096
77.4542  84.2124  10.7005
78.2237  81.2497  14.5796
82.3062  77.1453  16.9958
78.3448  85.7802  5.17065
79.8941  82.7973  0.462595
82.7747  77.5764  -1.5782
83.2276  67.1105  2.46259
87.5446  70.364  4.7114
85.494  72.9103  -0.0406271
81.3508  70.8204  -1.99271
85.5216  71.7831  16.0438
83.6159  65.3436  9.46847
87.5265  69.34  11.4925
80.3954  86.8819  11.0323
81.9131  82.9832  15.9049
85.2665  78.7951  18.1282
81.243  88.6235  5.59072
83.072  86.0575  1.04102
86.5433  81.4585  -0.546043
91.3739  73.0581  6.59388
88.8419  75.9356  0.903347
88.6121  75.2556  17.541
91.0246  72.5257  13.0601
83.4303  89.6358  11.4626
83.748  86.2261  15.8742
87.6464  81.4362  18.7244
84.3295  91.2885  6.48543
85.9022  89.58  2.24532
89.9169  85.5543  0.773
95.0378  76.01  8.81154
92.4169  79.1094  2.76885
92.3292  78.0652  18.6594
95.0012  75.8743  14.8795
89.6924  93.3936  11.2159
89.5712  89.3337  16.6417
94.5202  85.2745  19.1287
90.0806  94.0907  5.96211
91.9746  92.2652  2.60818
94.9015  89.619  1.80005
99.3872  79.088  11.0061
96.2099  82.5161  4.40867
98.0888  81.4063  18.2607
101.024  80.2346  15.2024
95.1105  95.4478  10.0317
97.0726  92.1606  15.1815
98.3561  86.2463  17.8256
95.3096  94.8479  6.24032
96.3378  93.268  3.71834
98.2237  91.381  2.86114
101.154  85.2368  8.77228
102.489  85.4538  9.96401
101.008  87.0334  7.56586
98.4433  86.6724  6.0851
102.546  84.7128  16.9348
105.511  84.2516  14.4056
104.198  82.4962  12.0295
105.965  87.8043  14.4906
103.785  90.6507  15.3801
103.564  94.478  13.3896
106.284  93.6996  10.785
101.357  96.3557  10.2603
102.024  96.5175  7.03332
107.953  92.2395  8.26324
107.983  90.5827  6.38162
106.628  85.7529  10.5152
107.225  87.7293  12.1833
103.666  95.2405  5.73263
104.914  93.686  4.83911
77.6535  59.5129  6.56
76.9833  62.073  -0.925032
74.1025  66.4844  -4.5662
102.942  90.9898  6.39867
99.4223  89.1925  5.50713
104.814  89.4754  7.56198
100.717  82.0709  8.64031
97.9782  84.4146  4.37671
105.087  84.4076  10.1075
107.427  89.833  5.70625
106.662  86.5107  8.46365
103.894  92.0876  4.3253
98.0644  89.7448  2.87821
97.1143  88.4289  2.35295
101.527  83.781  9.14354
99.0134  84.685  6.38518
103.618  85.0939  9.89132
106.045  89.5878  6.61526
105.226  86.2482  9.09974
103.367  91.6377  5.50159
98.8743  89.81  4.11459
97.7791  88.1485  3.90731
97.8003  88.7378  4.6255
103.663  86.1799  9.46145
57.963  70.0132  4.42386
59.8489  68.4774  0.705638
66.3285  70.2293  -3.02094
70.0846  67.9915  -5.43877
64.9045  67.7137  12.9928
57.896  66.9281  10.6009
69.3801  62.1751  14.1601
56.8639  69.6422  7.54799
74.5463  57.3176  11.5567
77.1515  56.6856  4.15371
75.7363  58.0916  -2.86379
72.942  63.7849  -5.52795
52.4351  70.6656  5.22816
53.7637  68.6816  1.81952
56.8997  65.45  -1.83066
64.8516  63.0603  -5.94677
56.5716  60.0441  13.5593
53.4089  65.9375  10.5026
66.5261  55.1267  13.8445
64.7148  47.3452  12.694
53.871  48.4631  16.3912
71.7653  51.6977  9.62797
73.8691  51.6228  1.15067
72.478  53.7552  -4.90206
70.5815  59.1542  -6.54729
50.6933  59.9909  14.2566
45.6853  51.5197  18.1124
45.5865  62.436  14.6983
45.0732  43.1251  20.0438
49.7755  38.8849  17.3874
58.0756  38.3679  -1.10558
50.5829  34.2283  -4.76211
50.0649  31.3268  -3.62382
52.4639  31.7497  -0.888798
52.9316  42.4537  -6.52295
48.0737  35.8638  -6.65922
46.726  52.173  -9.62168
47.1742  27.3793  -3.36332
47.5303  25.3729  -0.32025
43.2048  22.2271  -3.13134
40.945  18.5076  -3.05249
41.0333  15.9307  -0.718366
42.7047  19.9574  -1.22636
56.5243  34.7965  5.16385
51.8347  29.0685  4.36097
50.7562  29.7952  10.353
56.9468  38.8062  12.6693
41.1074  33.9083  19.7726
38.768  25.8498  18.4171
46.978  30.9438  15.6875
45.0062  24.4536  13.0815
47.3934  24.5302  8.29503
47.4372  23.8012  4.08638
35.4298  19.7754  16.3903
31.051  17.4926  16.0263
41.1613  19.4583  12.4976
36.2073  14.4183  11.3999
45.0423  20.4317  7.87816
40.8728  14.9088  6.58683
43.8675  19.1938  2.41939
40.9048  14.2692  2.24096
66.6324  44.2572  5.77547
53.7432  55.2728  -6.32312
65.7093  53.4113  -6.80541
52.0743  69.2487  8.09695
-5.58003  17.0298  14.0809
-14.3968  15.795  11.487
-21.1402  14.2527  5.78198
-22.6478  12.1033  2.70773
-22.3505  6.20734  -6.91054
-23.9238  8.59907  -1.08229
-12.8255  -1.3963  -15.4306
0.774019  2.85106  -17.7294
8.44625  0.668652  -17.188
20.4774  10.4984  -17.5272
16.4757  18.8256  17.9169
12.4601  20.4632  18.1602
21.8021  17.8292  17.5022
0.399053  20.646  16.3256
-6.70219  2.20985  -16.8972
35.963  7.91961  0.564258
37.5567  13.1922  -3.1794
33.0677  7.58455  -5.05114
27.5417  16.4651  16.0597
32.0115  7.26416  12.1843
27.5323  6.6388  15.2958
35.1858  7.24173  8.33822
37.1486  8.97189  4.42531
-7.37882  13.7636  13.8214
-17.2894  12.4467  9.73694
12.4947  16.5092  18.0493
7.45056  17.3174  17.9087
8.84962  22.0182  17.8553
17.4304  16.3085  17.5212
22.8797  14.7388  16.5629
-2.2352  14.3325  15.8283
29.5545  13.4652  14.3834
22.8014  8.44824  16.9985
15.5373  10.09  18.4963
7.01197  8.88046  20.2887
2.50695  10.2017  19.5313
-10.3143  9.54816  15.2099
-4.19628  10.1027  17.3419
-17.8611  7.91604  11.4923
-22.4311  8.42366  5.13305
27.1587  70.3494  8.83671
49.4841  67.9774  -3.15443
44.3963  76.9106  -2.30237
49.379  67.6756  10.701
44.364  68.9839  10.4705
25.8336  55.1434  14.3914
5.27451  21.5829  17.3433
1.95371  15.3864  17.4751
-0.748188  11.0594  18.5202
2.72975  178.359  -10.398
9.30179  177.98  -11.2193
5.87294  178.359  -10.7329
42.0854  82.4844  2.25206
42.2288  82.7659  -0.499379
-17.8725  7.23124  -12.032
-12.6358  5.6198  -15.3062
32.5521  12.7313  -10.6543
32.411  25.1286  -12.6135
30.1193  19.8088  -14.2025
27.6313  12.8424  -14.3564
67.5862  47.1583  -2.50877
44.7356  33.9891  -7.53208
41.7707  30.7385  -8.8581
36.5648  24.6151  -10.2747
33.7577  19.4526  -12.2323
31.377  15.6641  -13.5374
10.7659  172.297  -10.2813
9.3722  170.649  -10.6505
8.90423  173.747  -11.0971
10.8982  176.22  -10.5055
8.36304  179.42  -11.7997
10.7118  181.038  -10.7859
9.05511  183.353  -11.6774
10.973  183.093  -10.7681
6.59262  170.451  -10.8638
6.00753  174.451  -11.4248
5.29165  179.074  -12.036
5.45378  183.207  -12.0721
3.46996  170.951  -10.2145
1.62413  172.189  -9.3307
1.06174  176.046  -9.54223
3.14356  174.785  -10.7354
0.563326  180.968  -9.69903
2.73291  179.806  -11.2373
0.219189  183.162  -9.60075
1.94617  183.091  -10.9388
10.3533  171.392  -10.9946
10.8148  174.836  -11.1794
8.7669  173.405  -11.9589
8.64746  170.3  -11.4095
10.8541  179.95  -11.4879
8.28909  179.113  -12.6984
10.9683  183.328  -11.4723
8.9371  183.243  -12.5826
5.95401  174.238  -12.309
6.61795  170.697  -11.6599
5.19555  178.895  -12.9449
5.35667  183.117  -12.9839
4.0064  170.685  -11.0837
3.13451  174.382  -11.6188
1.20329  174.665  -10.2508
2.01211  171.325  -10.1391
2.66868  179.441  -12.1569
0.611303  179.53  -10.5154
1.91257  182.862  -11.8683
0.170803  182.394  -10.318
11.4203  175.289  -10.5085
10.8287  171.547  -10.4721
11.3236  180.826  -10.7096
11.2052  183.631  -10.9149
10.516  184.87  -11.1174
8.32432  185.766  -11.8763
8.15836  186.465  -12.2165
10.5176  185.349  -11.4151
5.31007  186.277  -12.1133
5.25166  186.608  -12.506
2.36987  185.461  -11.225
0.566704  184.591  -9.97008
0.328984  184.853  -10.0379
2.37886  186.14  -11.5714
7.59096  185.869  -12.7275
10.0355  185.282  -11.9722
5.24827  186.033  -12.8909
0.544795  184.597  -10.6456
2.9166  185.589  -12.2402
-0.0748462  182.814  -9.65334
0.690768  174.949  -9.44414
0.133769  180.016  -9.59118
1.63038  171.352  -9.50604
3.57279  169.919  -10.3974
6.35675  169.656  -11.1271
9.00937  169.971  -10.9288
41.6971  162.12  -6.14941
39.6664  160.908  -6.63015
40.7904  167.259  -7.03269
42.3707  164.433  -6.12701
40.4283  168.124  -7.13959
43.2319  170.397  -6.18388
41.2224  171.864  -6.88491
43.6251  172.398  -5.99802
36.5707  160.528  -6.57895
37.5278  166.467  -6.88566
37.0334  167.527  -7.03949
37.1691  171.491  -6.80882
34.9758  162.303  -6.08663
34.4777  164.553  -5.97943
35.1492  170.686  -5.9221
34.9213  172.473  -5.63711
41.7502  162.38  -6.79105
42.4094  165.419  -7.03696
40.4137  166.045  -7.87845
39.177  161.661  -7.44542
43.1318  169.446  -7.04145
40.8311  169.9  -8.1505
43.6267  171.908  -6.74069
41.4067  172.898  -7.83564
37.162  165.147  -7.7129
36.6183  161.527  -7.3499
37.3916  169.197  -8.01005
37.4042  172.63  -7.73196
34.8723  165.481  -6.86461
34.9513  162.489  -6.7199
34.9709  169.974  -6.57602
34.9328  172.814  -6.21379
42.8964  164.524  -6.30196
41.9521  161.889  -6.25035
43.6928  169.585  -6.22625
43.9378  172.132  -6.13095
43.3885  173.994  -6.14381
41.807  174.664  -6.76447
41.3533  175.15  -7.08568
43.6277  174.185  -6.22619
38.1848  174.686  -6.8023
37.9069  175.261  -7.12548
35.5061  174.142  -5.82643
35.4794  174.575  -6.05699
40.9363  174.965  -7.57997
43.2985  173.982  -6.78096
38.2077  174.664  -7.64302
35.9105  174.483  -6.69039
34.6418  173.036  -5.64729
34.1102  164.849  -6.12032
34.444  170.644  -5.75694
34.6963  162.154  -6.2007
36.571  160.609  -6.93335
39.6367  160.562  -6.89438
-18.1312  159.897  -9.42453
-20.32  158.324  -9.77846
-20.5914  164.869  -10.5179
-17.7916  161.778  -9.63162
-20.1032  166.34  -10.8822
-18.2452  167.707  -10.1057
-20.6852  169.103  -10.9469
-18.5147  171.275  -10.2011
-24.0219  157.174  -9.12664
-24.3606  163.456  -9.86693
-24.1554  166.335  -10.4971
-25.2086  169.067  -10.3974
-25.7052  158.695  -8.40249
-26.4989  161.582  -8.54665
-27.2631  167.466  -9.05321
-27.733  169.993  -9.08565
-18.1936  160.383  -10.0603
-18.0177  163.653  -10.4565
-20.5821  164.051  -11.3398
-20.5306  159.539  -10.6721
-18.5965  168.111  -10.9682
-20.2828  166.879  -11.797
-18.5056  170.578  -10.7943
-20.9199  170.096  -11.8714
-24.2271  162.381  -10.6909
-23.3365  158.2  -10.1046
-24.2636  166.444  -11.3916
-25.4058  170.175  -11.3391
-26.3959  161.803  -9.43125
-25.7711  158.866  -9.03255
-27.2301  166.574  -9.68787
-27.9145  169.77  -9.6064
-17.3355  162.143  -9.67202
-17.8712  159.788  -9.49089
-17.8593  167.649  -10.2252
-18.1717  170.972  -10.2941
-19.1919  172.479  -10.4843
-21.8381  172.12  -11.1922
-21.5619  172.603  -11.6138
-18.9721  172.658  -10.5939
-25.8165  171.613  -10.5743
-25.3425  172.109  -11.0643
-27.6775  171.263  -9.37494
-27.7965  171.526  -9.64156
-21.9111  172.01  -11.9882
-19.2289  172.324  -11.0955
-24.9382  171.998  -11.5815
-27.3123  171.549  -10.3303
-28.173  169.811  -8.99861
-26.9094  160.787  -8.51247
-27.8075  166.595  -8.84702
-25.971  158.499  -8.41415
-23.5899  157.283  -9.494
-19.9948  158.229  -10.0934
-47.1826  137.553  -1.43239
-48.3676  135.729  -1.49253
-49.4172  138.579  -1.70889
-47.9832  141.014  -1.61261
-51.275  143.216  -2.05731
-49.965  145.695  -1.74611
-52.5181  146.914  -2.12244
-50.4437  147.793  -1.78837
-50.828  135.301  -0.900086
-52.3124  138.619  -1.14334
-54.2351  143.18  -1.41103
-55.7494  146.291  -1.28774
-52.6507  135.618  -0.0277328
-54.396  138.66  0.0619548
-56.2241  143.416  -0.0655992
-57.2858  145.291  0.101786
-47.237  137.47  -2.04524
-47.806  140.317  -2.24951
-49.5836  139.148  -2.57311
-48.5035  135.919  -2.23459
-49.6908  144.358  -2.50069
-51.9409  143.349  -2.99316
-50.6256  147.848  -2.43399
-52.7222  146.773  -3.01233
-52.8599  138.898  -1.90181
-50.4583  135.367  -1.78447
-54.3706  143.66  -2.52075
-55.8534  146.15  -2.19121
-54.3235  137.893  -0.559173
-52.7484  135.423  -0.614453
-55.8794  142.114  -0.885924
-57.3713  145.097  -0.589268
-47.4804  140.756  -1.86514
-46.8796  137.33  -1.60123
-49.3263  145.728  -1.86769
-50.3703  148.314  -1.98606
-51.2996  148.885  -1.97302
-53.8667  148.785  -2.20947
-53.857  149.196  -2.65659
-51.4492  149.194  -2.27653
-56.5623  147.905  -1.37233
-56.3811  148.311  -1.84905
-57.5919  146.707  -0.206017
-57.7766  147.142  -0.505679
-54.0362  148.57  -2.96642
-51.9208  148.95  -2.71674
-56.0946  148.165  -2.35846
-57.6  146.869  -0.959979
-57.7817  145.735  -0.0115423
-54.6155  137.991  0.0124469
-56.6643  142.907  0.113845
-52.7241  135.115  -0.0705894
-50.5366  134.494  -1.14474
-48.2774  135.347  -1.82355
98.2555  80.3738  9.44535
95.894  81.0063  6.96096
98.9776  82.8716  6.91132
101.48  81.8116  10.0828
103.102  84.141  8.02093
103.653  82.9798  10.3821
105.494  86.2189  7.57064
105.219  84.5413  9.75025
95.029  84.2598  4.54986
97.7124  86.53  4.22511
101.793  87.3108  5.07586
104.538  88.8751  5.19695
94.943  87.2857  3.5481
97.3354  89.459  3.49401
99.7837  89.9456  4.04035
102.302  90.4277  4.42553
97.6463  79.832  8.352
100.794  80.8762  9.45073
99.1956  82.3375  6.27965
96.4039  80.6458  6.47228
103.252  82.0735  10.059
103.508  84.1518  7.07424
105.502  84.1185  9.32584
105.897  86.4267  6.65931
97.5173  85.53  3.58907
95.4857  83.1238  4.46192
100.955  87.3387  3.91577
104.166  88.3586  4.57379
97.1235  88.4595  2.99161
94.7005  85.9803  3.2361
99.4314  90.1556  3.32537
101.995  90.67  3.83389
100.968  80.7833  10.5347
97.6458  79.6901  9.19032
103.558  82.3586  10.6973
105.659  84.4174  9.96158
106.239  86.5796  7.31506
104.448  89.5777  4.68035
101.733  91.2877  4.09643
99.4407  90.8053  3.63054
96.7437  89.4028  3.15402
94.2446  86.686  3.37702
94.2296  83.4369  4.37744
95.5623  80.5055  6.67633
