3357
-77.2206  24.5448  -547
-79.9392  24.5  -546
-76.6194  23.3671  -553
-78.3655  23.029  -545
-81.2201  23.029  -545
-84.3831  23.1136  -547
-76.3423  21.8408  -551
-78.2217  21.5633  -544
-80.6239  21.4444  -541
-83.7661  21.5237  -543
-74.7633  20.362  -550
-77.2206  20.251  -547
-79.3536  20.0659  -542
-82.344  20.1029  -543
-85.0312  20.0659  -542
-74.1228  19.1293  -556
-75.788  18.8197  -547
-78.2217  18.7165  -544
-80.6239  18.6132  -541
-83.6118  18.6476  -542
-86.7697  18.7165  -544
-74.3555  17.3884  -547
-76.5147  17.2294  -542
-79.2071  17.1976  -541
-82.344  17.2612  -543
-85.345  17.293  -544
-73.4509  16.3947  -562
-74.6274  16.0154  -549
-76.3735  15.782  -541
-79.0607  15.7529  -540
-82.0408  15.782  -541
-85.0312  15.8112  -542
-72.7974  14.7913  -557
-74.3555  14.5258  -547
-76.3735  14.3665  -541
-79.0607  14.3399  -540
-82.1924  14.393  -542
-85.1881  14.4196  -543
-72.6667  13.3099  -556
-74.4915  13.1184  -548
-76.3735  12.9509  -541
-79.0607  12.9269  -540
-82.0408  12.9509  -541
-85.0312  12.9748  -542
-72.0133  11.7485  -551
-74.3555  11.6632  -547
-76.5147  11.5566  -542
-79.3536  11.5566  -542
-82.0408  11.5353  -541
-85.345  11.5992  -544
-67.9244  10.5686  -565
-70.3819  10.4938  -561
-72.144  10.3254  -552
-74.6274  10.2693  -549
-76.6559  10.1571  -543
-79.3536  10.1384  -542
-82.0408  10.1197  -541
-85.1881  10.1571  -543
-106.715  10.1758  -544
-108.557  10.0823  -539
-66.9151  9.15456  -569
-68.2985  8.9454  -556
-70.8264  8.89713  -553
-73.4563  8.86496  -551
-75.9266  8.81669  -548
-78.0779  8.73625  -543
-80.773  8.72016  -542
-83.7661  8.73625  -543
-87.4077  8.81669  -548
-107.742  8.72016  -542
-110.173  8.68798  -540
-112.583  8.6558  -538
-67.8042  7.59833  -564
-69.3782  7.45014  -553
-71.7519  7.39625  -549
-74.4915  7.38278  -548
-76.6559  7.31542  -543
-79.2071  7.28847  -541
-82.1924  7.30194  -542
-84.8744  7.28847  -541
-105.484  7.34236  -545
-106.947  7.24806  -538
-109.561  7.23458  -537
-112.373  7.23458  -537
-27.132  5.94887  -548
-29.838  5.9163  -545
-68.285  6.16598  -568
-69.7546  6.03571  -556
-71.3598  5.92716  -546
-73.9477  5.90544  -544
-76.2324  5.86202  -540
-78.9143  5.85117  -539
-81.7375  5.85117  -539
-84.2468  5.82945  -537
-105.29  5.90544  -544
-106.947  5.84031  -538
-109.765  5.84031  -538
-112.792  5.85117  -539
-25.603  4.49848  -546
-28.2543  4.46552  -542
-30.9784  4.44904  -540
-34.245  4.50672  -547
-40.4344  4.91042  -596
-69.6497  4.67149  -567
-70.058  4.50672  -547
-71.9898  4.44904  -540
-74.4025  4.42433  -537
-77.2152  4.42433  -537
-79.8788  4.41609  -536
-82.3777  4.39961  -534
-85.3341  4.40785  -535
-104.71  4.45728  -541
-106.351  4.40785  -535
-108.949  4.39961  -534
-112.164  4.41609  -536
-115.83  4.44904  -540
-26.8844  3.05293  -543
-29.619  3.04169  -541
-32.2726  3.02482  -538
-35.9384  3.09791  -551
-69.2468  3.23847  -576
-69.6291  3.1204  -555
-70.7063  3.04169  -541
-73.1321  3.02482  -538
-75.8088  3.0192  -537
-78.7679  3.02482  -538
-81.5858  3.02482  -538
-84.2468  3.0192  -537
-104.057  3.06418  -545
-105.538  3.02482  -538
-107.55  3.00233  -534
-110.347  3.00233  -534
-113.568  3.01357  -536
-25.5093  1.63511  -544
-28.2022  1.62609  -541
-30.9784  1.62308  -540
-33.932  1.6291  -542
-37.9242  1.68019  -559
-68.8861  1.72227  -573
-68.8764  1.65014  -549
-70.5756  1.62308  -540
-73.1321  1.61707  -538
-75.8088  1.61407  -537
-78.7679  1.61707  -538
-81.5858  1.61707  -538
-84.4037  1.61707  -538
-103.484  1.6291  -542
-105.538  1.61707  -538
-107.55  1.60505  -534
-110.141  1.60204  -533
-113.78  1.61407  -537
-25.5561  0.212051  -545
-28.2543  0.210884  -542
-30.9211  0.209716  -539
-33.8694  0.210495  -541
-37.3136  0.213996  -550
-67.2679  0.222556  -572
-68.2985  0.216331  -556
-69.6737  0.211662  -544
-71.9898  0.210106  -540
-74.8182  0.210106  -540
-77.5028  0.209716  -539
-80.4749  0.210106  -540
-82.9948  0.209327  -538
-86.2912  0.210495  -541
-104.516  0.210106  -540
-106.351  0.20816  -535
-108.949  0.207771  -534
-111.955  0.20816  -535
-116.259  0.210884  -542
-25.4624  -1.20956  -543
-28.2022  -1.2051  -541
-30.9211  -1.20065  -539
-33.8694  -1.2051  -541
-37.1779  -1.22069  -548
-67.3855  -1.27638  -573
-68.2985  -1.23851  -556
-69.6737  -1.21178  -544
-72.1231  -1.2051  -541
-74.8182  -1.20287  -540
-77.5028  -1.20065  -539
-80.1769  -1.19842  -538
-82.6862  -1.19396  -536
-86.2912  -1.2051  -541
-103.742  -1.19396  -536
-106.152  -1.18951  -534
-109.153  -1.19174  -535
-112.164  -1.19396  -536
-116.688  -1.21178  -544
-25.603  -2.64492  -546
-28.3064  -2.63038  -543
-30.9211  -2.61101  -539
-33.8068  -2.61585  -540
-36.9065  -2.63523  -544
-69.7376  -2.87259  -593
-68.2985  -2.69336  -556
-69.6737  -2.63523  -544
-72.1231  -2.6207  -541
-74.9567  -2.6207  -541
-77.5028  -2.61101  -539
-80.1769  -2.60616  -538
-82.8405  -2.60132  -537
-86.6102  -2.63038  -543
-102.72  -2.60616  -538
-104.949  -2.59163  -535
-107.953  -2.59648  -536
-110.554  -2.59163  -535
-113.992  -2.60616  -538
-25.603  -4.0736  -546
-28.3064  -4.05121  -543
-30.9211  -4.02137  -539
-33.6816  -4.01391  -538
-36.703  -4.03629  -541
-67.0327  -4.25266  -570
-67.5615  -4.10344  -550
-69.6737  -4.05867  -544
-71.9898  -4.02883  -540
-74.8182  -4.02883  -540
-77.359  -4.01391  -538
-79.8788  -3.99899  -536
-82.8405  -4.00645  -537
-101.311  -4.01391  -538
-102.774  -3.96168  -531
-106.152  -3.98407  -534
-108.745  -3.97661  -533
-111.955  -3.99153  -535
-115.83  -4.02883  -540
-26.9834  -5.4922  -545
-29.5642  -5.44181  -540
-32.2127  -5.41158  -537
-35.0253  -5.41158  -537
-37.9789  -5.43173  -539
-66.8424  -5.60305  -556
-68.5  -5.50227  -546
-71.0984  -5.48212  -544
-73.5399  -5.45189  -541
-76.0912  -5.43173  -539
-78.9143  -5.43173  -539
-81.4342  -5.41158  -537
-84.7175  -5.44181  -540
-101.765  -5.37127  -533
-104.753  -5.38135  -534
-106.946  -5.35111  -531
-109.934  -5.36119  -532
-112.72  -5.36119  -532
-25.7437  -6.96904  -549
-28.2543  -6.88018  -542
-30.8637  -6.8294  -538
-33.5564  -6.80401  -536
-36.2281  -6.77863  -534
-66.6799  -7.19753  -567
-67.1929  -6.94365  -547
-69.6737  -6.90557  -544
-72.2564  -6.88018  -542
-74.8182  -6.85479  -540
-77.5028  -6.84209  -539
-80.3259  -6.84209  -539
-83.149  -6.84209  -539
-100.746  -6.79132  -535
-102.581  -6.72785  -530
-105.158  -6.71515  -529
-107.316  -6.67707  -526
-110.699  -6.71515  -529
-113.256  -6.70246  -528
-116.021  -6.70246  -528
-26.9339  -8.32901  -544
-29.5642  -8.26777  -540
-32.3326  -8.25246  -539
-34.8296  -8.1759  -534
-37.6266  -8.1759  -534
-66.9151  -8.71178  -569
-67.5615  -8.42088  -550
-69.9299  -8.35963  -546
-72.3897  -8.3137  -543
-74.6796  -8.25246  -539
-77.5028  -8.25246  -539
-80.4749  -8.26777  -540
-83.3033  -8.26777  -540
-100.934  -8.20652  -536
-102.968  -8.14528  -532
-104.959  -8.08404  -528
-107.316  -8.05342  -526
-110.699  -8.09935  -529
-113.256  -8.08404  -528
-116.241  -8.09935  -529
-26.8844  -9.73453  -543
-29.619  -9.69867  -541
-32.3926  -9.68075  -540
-34.8296  -9.57318  -534
-37.6266  -9.57318  -534
-68.2087  -10.3978  -580
-67.4386  -9.84209  -549
-69.6737  -9.75246  -544
-72.2564  -9.7166  -542
-74.8182  -9.68075  -540
-77.359  -9.64489  -538
-80.1769  -9.64489  -538
-83.3033  -9.68075  -540
-100.831  -9.73453  -543
-101.956  -9.57318  -534
-103.969  -9.50147  -530
-105.939  -9.42976  -526
-109.107  -9.46562  -528
-112.297  -9.50147  -530
-115.507  -9.53733  -532
-26.9339  -11.1759  -544
-29.5642  -11.0937  -540
-32.2127  -11.0321  -537
-34.9601  -11.0115  -536
-37.7675  -11.0115  -536
-68.0911  -11.8949  -579
-67.5615  -11.2992  -550
-69.8018  -11.1964  -545
-72.5231  -11.1759  -544
-74.9567  -11.1143  -541
-77.5028  -11.0732  -539
-80.1769  -11.0526  -538
-83.3033  -11.0937  -540
-100.831  -11.1554  -543
-101.765  -10.9499  -533
-104.165  -10.9088  -531
-106.342  -10.8472  -528
-109.107  -10.8472  -528
-112.297  -10.8883  -530
-116.375  -11.0115  -536
-25.6968  -12.692  -548
-28.1501  -12.5067  -540
-30.8637  -12.4604  -538
-33.5564  -12.4141  -536
-36.3638  -12.4141  -536
-39.3905  -12.4835  -539
-67.9735  -13.3868  -578
-67.3158  -12.692  -548
-69.6737  -12.5993  -544
-72.5231  -12.5993  -544
-74.9567  -12.5299  -541
-77.5028  -12.4835  -539
-80.1769  -12.4604  -538
-83.4576  -12.5299  -541
-100.459  -12.5299  -541
-101.574  -12.3214  -532
-104.165  -12.2983  -531
-106.745  -12.2751  -530
-108.901  -12.2056  -527
-111.873  -12.2288  -528
-116.81  -12.4604  -538
-24.3502  -14.1775  -550
-26.9339  -14.0228  -544
-29.5095  -13.8939  -539
-32.2726  -13.8681  -538
-35.0253  -13.8424  -537
-37.9084  -13.8681  -538
-40.8777  -13.9197  -540
-66.4817  -14.2548  -553
-68.7509  -14.1259  -548
-71.2291  -14.0486  -545
-73.6759  -13.9712  -542
-76.5147  -13.9712  -542
-78.9143  -13.8939  -539
-82.0408  -13.9455  -541
-85.8157  -14.1001  -547
-100.934  -13.8166  -536
-102.968  -13.7135  -532
-105.555  -13.6877  -531
-108.337  -13.6877  -531
-110.699  -13.6361  -529
-114.328  -13.7392  -533
-24.483  -15.7018  -553
-26.9834  -15.4746  -545
-29.5095  -15.3043  -539
-32.3326  -15.3043  -539
-35.0905  -15.2759  -538
-37.838  -15.2475  -537
-40.802  -15.3043  -539
-68.9895  -17.0363  -600
-66.2413  -15.645  -551
-68.6255  -15.5314  -547
-71.2291  -15.4746  -545
-73.8118  -15.4178  -543
-76.3735  -15.3611  -541
-78.9143  -15.3043  -539
-81.7375  -15.3043  -539
-85.8157  -15.5314  -547
-99.7164  -15.2475  -537
-101.574  -15.1055  -532
-103.969  -15.0487  -530
-106.745  -15.0487  -530
-109.314  -15.0203  -529
-112.297  -15.0487  -530
-24.8815  -17.4279  -562
-27.231  -17.0557  -550
-29.5642  -16.7456  -540
-32.3926  -16.7456  -540
-35.221  -16.7456  -540
-37.838  -16.6526  -537
-40.802  -16.7146  -539
-69.3344  -18.6993  -603
-66.4817  -17.1488  -553
-68.7509  -16.9937  -548
-71.6212  -16.9937  -548
-74.0837  -16.9007  -545
-76.3735  -16.7767  -541
-78.9143  -16.7146  -539
-82.0408  -16.7767  -541
-85.6588  -16.9317  -546
-99.3451  -16.5906  -535
-101.765  -16.5286  -533
-104.165  -16.4665  -531
-106.946  -16.4665  -531
-109.727  -16.4665  -531
-112.932  -16.5286  -533
-26.3064  -18.8648  -561
-28.3064  -18.2595  -543
-30.8637  -18.0914  -538
-33.7442  -18.125  -539
-36.4995  -18.0914  -538
-39.2443  -18.0577  -537
-42.2136  -18.125  -539
-68.8745  -20.1426  -599
-66.1211  -18.4949  -550
-68.5  -18.3604  -546
-71.3598  -18.3604  -546
-73.8118  -18.2595  -543
-75.95  -18.0914  -538
-78.7679  -18.0914  -538
-82.0408  -18.1922  -541
-85.5019  -18.3268  -545
-99.3451  -17.9905  -535
-101.765  -17.9232  -533
-104.165  -17.856  -531
-106.745  -17.8223  -530
-109.314  -17.7887  -529
-112.72  -17.8896  -532
-26.7284  -20.6589  -570
-28.515  -19.8253  -547
-30.8063  -19.4629  -537
-33.6816  -19.4991  -538
-36.4995  -19.4991  -538
-39.2443  -19.4629  -537
-42.2136  -19.5354  -539
-45.2038  -19.6078  -541
-66.2413  -19.9703  -551
-68.6255  -19.8253  -547
-71.2291  -19.7528  -545
-73.6759  -19.6441  -542
-76.2324  -19.5716  -540
-79.2071  -19.6078  -541
-82.344  -19.6803  -543
-85.345  -19.7166  -544
-98.6763  -19.5354  -539
-100.558  -19.3541  -534
-102.968  -19.2817  -532
-105.555  -19.2454  -531
-108.541  -19.2817  -532
-111.118  -19.2454  -531
-27.9736  -21.9561  -565
-29.6737  -21.0623  -542
-32.2127  -20.868  -537
-35.0253  -20.868  -537
-37.7675  -20.8291  -536
-40.6506  -20.868  -537
-43.6252  -20.9457  -539
-65.6215  -21.6841  -558
-67.1929  -21.2566  -547
-69.8018  -21.1789  -545
-72.3897  -21.1012  -543
-74.8182  -20.9846  -540
-77.6465  -20.9846  -540
-80.6239  -21.0234  -541
-83.4576  -21.0234  -541
-97.8061  -21.0623  -542
-99.9021  -20.9069  -538
-101.956  -20.7514  -534
-104.165  -20.6348  -531
-106.745  -20.596  -530
-109.521  -20.596  -530
-113.356  -20.7903  -535
-29.7832  -22.5635  -544
-32.2726  -22.3146  -538
-35.0253  -22.2731  -537
-37.838  -22.2731  -537
-40.6506  -22.2731  -537
-43.868  -22.4805  -542
-46.793  -22.522  -543
-66.1211  -22.8123  -550
-68.6255  -22.6879  -547
-71.2291  -22.6049  -545
-73.8118  -22.522  -543
-76.6559  -22.522  -543
-79.5  -22.522  -543
-82.344  -22.522  -543
-85.345  -22.5635  -544
-98.6763  -22.3561  -539
-101.123  -22.2731  -537
-103.355  -22.1487  -534
-105.555  -22.0243  -531
-108.541  -22.0657  -532
-111.746  -22.1487  -534
-29.9475  -24.1192  -547
-32.3326  -23.7664  -539
-35.0253  -23.6783  -537
-37.9084  -23.7223  -538
-40.7263  -23.7223  -538
-43.9489  -23.9428  -543
-46.793  -23.9428  -543
-50.1856  -24.2074  -549
-66.0009  -24.2074  -549
-68.7509  -24.1633  -548
-71.2291  -24.031  -545
-73.6759  -23.8987  -542
-76.3735  -23.8546  -541
-79.2071  -23.8546  -541
-82.1924  -23.8987  -542
-85.1881  -23.9428  -543
-97.8061  -23.8987  -542
-99.9021  -23.7223  -538
-102.338  -23.6342  -536
-104.165  -23.4137  -531
-106.342  -23.2814  -528
-109.727  -23.4137  -531
-30.1665  -25.7373  -551
-32.3926  -25.2235  -540
-35.0905  -25.1301  -538
-38.0494  -25.2235  -540
-40.7263  -25.1301  -538
-43.9489  -25.3636  -543
-46.793  -25.3636  -543
-50.0027  -25.5505  -547
-65.5039  -26.0176  -557
-67.4386  -25.6439  -549
-70.058  -25.5505  -547
-72.3897  -25.3636  -543
-75.0953  -25.3169  -542
-77.7903  -25.2702  -541
-80.922  -25.3636  -543
-83.7661  -25.3636  -543
-97.098  -25.5038  -546
-98.3101  -25.0834  -537
-101.123  -25.0834  -537
-102.968  -24.8498  -532
-105.754  -24.8498  -532
-108.745  -24.8965  -533
-112.164  -25.0367  -536
-31.2653  -26.8831  -545
-33.7442  -26.5872  -539
-36.703  -26.6858  -541
-39.2443  -26.4885  -537
-42.1353  -26.5378  -538
-45.1203  -26.6365  -540
-47.9487  -26.6365  -540
-51.6233  -27.0804  -549
-66.1211  -27.1298  -550
-68.6255  -26.9818  -547
-71.0984  -26.8338  -544
-73.6759  -26.7351  -542
-76.3735  -26.6858  -541
-79.0607  -26.6365  -540
-82.1924  -26.7351  -542
-85.5019  -26.8831  -545
-97.2647  -26.5872  -539
-99.5307  -26.4392  -536
-101.765  -26.2912  -533
-104.165  -26.1926  -531
-106.745  -26.1432  -530
-109.727  -26.1926  -531
-30.6045  -29.0364  -559
-32.5726  -28.2053  -543
-35.3514  -28.1534  -542
-38.1903  -28.1534  -542
-40.802  -27.9975  -539
-43.7061  -28.0495  -540
-46.7068  -28.1534  -542
-49.5457  -28.1534  -542
-65.6215  -28.9845  -558
-67.5615  -28.5689  -550
-69.9299  -28.3611  -546
-72.5231  -28.2572  -544
-75.3724  -28.2572  -544
-77.7903  -28.1014  -541
-80.773  -28.1534  -542
-83.9204  -28.2572  -544
-96.5645  -28.2053  -543
-98.3101  -27.8936  -537
-101.123  -27.8936  -537
-103.161  -27.6859  -533
-106.152  -27.7378  -534
-108.337  -27.582  -531
-111.746  -27.7378  -534
-32.5726  -29.6261  -543
-35.2862  -29.517  -541
-38.1903  -29.5716  -542
-40.8777  -29.4625  -540
-43.7061  -29.4625  -540
-46.7068  -29.5716  -542
-49.5457  -29.5716  -542
-65.5039  -30.39  -557
-67.5615  -30.0081  -550
-69.9299  -29.7898  -546
-72.3897  -29.6261  -543
-75.5109  -29.7353  -545
-77.9341  -29.5716  -542
-80.4749  -29.4625  -540
-84.0746  -29.7353  -545
-96.5645  -29.6261  -543
-98.3101  -29.2988  -537
-100.746  -29.1897  -535
-103.355  -29.1351  -534
-105.754  -29.026  -532
-107.725  -28.8077  -528
-111.746  -29.1351  -534
-32.6925  -31.1613  -545
-35.2862  -30.9326  -541
-38.1903  -30.9898  -542
-40.9534  -30.9326  -541
-43.787  -30.9326  -541
-46.9653  -31.1613  -545
-49.7285  -31.1041  -544
-65.5039  -31.8474  -557
-67.5615  -31.4472  -550
-69.9299  -31.2185  -546
-72.3897  -31.047  -543
-75.5109  -31.1613  -545
-78.2217  -31.1041  -544
-80.922  -31.047  -543
-83.9204  -31.1041  -544
-87.7267  -31.4472  -550
-97.2647  -30.8183  -539
-99.7164  -30.7039  -537
-102.338  -30.6467  -536
-104.753  -30.5324  -534
-107.349  -30.4752  -533
-110.141  -30.4752  -533
-142.245  -30.4752  -533
-32.9325  -32.8265  -549
-35.3514  -32.408  -542
-38.1198  -32.3482  -541
-40.9534  -32.3482  -541
-43.787  -32.3482  -541
-46.8792  -32.5276  -544
-49.7285  -32.5276  -544
-65.1511  -33.1255  -554
-67.4386  -32.8265  -549
-70.058  -32.707  -547
-72.5231  -32.5276  -544
-75.5109  -32.5874  -545
-78.5093  -32.6472  -546
-80.6239  -32.3482  -541
-83.7661  -32.4678  -543
-87.7267  -32.8863  -550
-97.2647  -32.2286  -539
-99.3451  -31.9894  -535
-101.765  -31.8699  -533
-104.361  -31.8101  -532
-106.946  -31.7503  -531
-110.554  -31.9894  -535
-139.094  -32.109  -537
-140.585  -31.8101  -532
-143.371  -31.8101  -532
-33.2324  -34.5751  -554
-35.5471  -34.0134  -545
-38.2607  -33.8886  -543
-41.1048  -33.8886  -543
-43.868  -33.8262  -542
-46.8792  -33.951  -544
-49.7285  -33.951  -544
-52.5778  -33.951  -544
-66.1211  -34.3255  -550
-68.7509  -34.2007  -548
-71.6212  -34.2007  -548
-74.2196  -34.0758  -546
-76.7971  -33.951  -544
-79.3536  -33.8262  -542
-82.1924  -33.8262  -542
-85.6588  -34.0758  -546
-95.6681  -34.0758  -546
-97.2647  -33.639  -539
-99.5307  -33.4518  -536
-101.765  -33.2645  -533
-104.361  -33.2021  -532
-107.55  -33.3269  -534
-110.76  -33.4518  -536
-138.2  -33.639  -539
-139.192  -33.2021  -532
-141.978  -33.2021  -532
-145.037  -33.2645  -533
-34.4328  -35.7646  -550
-36.9744  -35.4395  -545
-39.6828  -35.3094  -543
-42.4485  -35.2444  -542
-45.2038  -35.1794  -541
-48.3038  -35.3745  -544
-50.9651  -35.2444  -542
-66.3449  -37.5204  -577
-66.2413  -35.8297  -551
-68.8764  -35.6996  -549
-71.6212  -35.6346  -548
-73.9477  -35.3745  -544
-76.5147  -35.2444  -542
-79.3536  -35.2444  -542
-82.1924  -35.2444  -542
-85.8157  -35.5696  -547
-94.9286  -35.7646  -550
-96.3866  -35.2444  -542
-98.127  -34.8543  -536
-100.181  -34.5942  -532
-102.968  -34.5942  -532
-105.754  -34.5942  -532
-108.745  -34.6592  -533
-112.792  -35.0493  -539
-138.058  -34.6592  -533
-140.057  -34.4641  -530
-143.641  -34.6592  -533
-147.806  -34.9843  -538
-34.6833  -37.4744  -554
-37.0422  -36.9332  -546
-39.6828  -36.7303  -543
-42.4485  -36.6626  -542
-45.3709  -36.7303  -543
-48.1262  -36.6626  -542
-50.9651  -36.6626  -542
-66.2299  -38.9625  -576
-66.3615  -37.3391  -552
-68.8764  -37.1361  -549
-71.6212  -37.0685  -548
-73.8118  -36.7303  -543
-76.5147  -36.6626  -542
-79.3536  -36.6626  -542
-82.4957  -36.7979  -544
-85.9725  -37.0685  -548
-94.756  -37.1361  -549
-96.3866  -36.6626  -542
-98.3101  -36.3244  -537
-100.746  -36.1891  -535
-103.355  -36.1215  -534
-106.351  -36.1891  -535
-109.357  -36.2568  -536
-131.48  -35.7833  -529
-135.52  -36.1215  -534
-137.54  -35.9186  -531
-140.057  -35.8509  -530
-143.371  -35.9862  -532
-147.806  -36.3921  -538
-34.9337  -39.205  -558
-37.1779  -38.5024  -548
-39.6828  -38.1511  -543
-42.3702  -38.0106  -541
-45.3709  -38.1511  -543
-48.215  -38.1511  -543
-50.9651  -38.0808  -542
-54.3995  -38.5024  -548
-65.5039  -39.1347  -557
-67.6843  -38.7132  -551
-70.1861  -38.5024  -548
-72.6564  -38.2916  -545
-75.0953  -38.0808  -542
-77.9341  -38.0808  -542
-80.922  -38.1511  -543
-84.2289  -38.3619  -546
-87.7267  -38.6429  -550
-95.1424  -38.1511  -543
-97.0842  -37.7998  -538
-99.1594  -37.5188  -534
-101.765  -37.4485  -533
-104.557  -37.4485  -533
-107.55  -37.5188  -534
-111.174  -37.7998  -538
-130.734  -36.9567  -526
-133.997  -37.0972  -528
-136.503  -37.0269  -527
-139.264  -37.0269  -527
-142.833  -37.2377  -530
-35.2467  -41.0295  -563
-37.2458  -40.0092  -549
-39.7559  -39.6448  -544
-42.5269  -39.5719  -543
-45.5381  -39.7177  -545
-48.215  -39.5719  -543
-51.1532  -39.6448  -544
-54.4988  -40.0092  -549
-66.1149  -41.904  -575
-66.602  -40.3736  -554
-68.8764  -40.0092  -549
-71.3598  -39.7906  -546
-74.0837  -39.7177  -545
-76.6559  -39.5719  -543
-79.3536  -39.4991  -542
-82.6473  -39.7177  -545
-85.8157  -39.8634  -547
-94.2382  -39.7906  -546
-95.8531  -39.2804  -539
-98.127  -39.0618  -536
-100.558  -38.916  -534
-103.548  -38.9889  -535
-106.549  -39.0618  -536
-109.969  -39.2804  -539
-130.341  -38.6245  -530
-131.861  -38.2602  -525
-134.354  -38.1873  -524
-137.36  -38.2602  -525
-140.911  -38.4788  -528
-144.493  -38.6974  -531
-36.3298  -42.0497  -557
-38.613  -41.3702  -548
-41.2562  -41.1437  -545
-44.1917  -41.2192  -546
-47.0515  -41.2192  -546
-49.7285  -41.0683  -544
-52.7711  -41.2192  -546
-56.0385  -41.5212  -550
-65.425  -42.9556  -569
-66.602  -41.8232  -554
-68.7509  -41.3702  -548
-71.3598  -41.2192  -546
-74.2196  -41.2192  -546
-76.6559  -40.9928  -543
-79.5  -40.9928  -543
-82.6473  -41.1437  -545
-85.8157  -41.2947  -547
-93.1482  -41.3702  -548
-94.6168  -40.7663  -540
-97.0842  -40.6153  -538
-99.3451  -40.3888  -535
-101.956  -40.3133  -534
-104.753  -40.3133  -534
-107.752  -40.3888  -535
-129.849  -39.8604  -528
-131.61  -39.5584  -524
-133.585  -39.3319  -521
-136.575  -39.4074  -522
-139.843  -39.5584  -524
-144.22  -40.0114  -530
-36.5255  -43.7415  -560
-38.613  -42.8041  -548
-41.4076  -42.726  -547
-44.1108  -42.5698  -545
-46.9653  -42.5698  -545
-49.8199  -42.5698  -545
-53.0611  -42.8823  -549
-56.0385  -42.9604  -550
-60.6332  -44.2101  -566
-66.4069  -46.1629  -591
-65.7391  -43.6633  -559
-67.8071  -43.1166  -552
-70.1861  -42.8041  -548
-73.0563  -42.8041  -548
-75.3724  -42.4917  -544
-78.0779  -42.4136  -543
-81.2201  -42.5698  -545
-84.5374  -42.8041  -548
-88.0457  -43.1166  -552
-92.0901  -43.6633  -559
-92.6383  -42.5698  -545
-94.6168  -42.1793  -540
-97.4452  -42.1793  -540
-99.5307  -41.8668  -536
-102.147  -41.7887  -535
-104.753  -41.7106  -534
-107.953  -41.8668  -536
-129.849  -41.2419  -528
-131.861  -41.0076  -525
-134.354  -40.9295  -524
-137.099  -40.9295  -524
-140.11  -41.0076  -525
-143.948  -41.3201  -529
-36.9168  -45.6911  -566
-38.754  -44.3995  -550
-41.4833  -44.2381  -548
-44.1108  -43.9959  -545
-47.0515  -44.0766  -546
-49.8199  -43.9959  -545
-52.9644  -44.2381  -548
-55.9366  -44.3188  -549
-59.8833  -45.126  -559
-64.272  -46.1755  -572
-65.3863  -44.8839  -556
-67.8071  -44.561  -552
-70.1861  -44.2381  -548
-73.0563  -44.2381  -548
-75.5109  -43.9959  -545
-78.3655  -43.9959  -545
-81.2201  -43.9959  -545
-84.3831  -44.1573  -547
-87.7267  -44.3995  -550
-90.9369  -44.561  -552
-92.2983  -43.8344  -543
-94.4416  -43.5115  -539
-97.4452  -43.5922  -540
-99.5307  -43.2693  -536
-102.147  -43.1886  -535
-104.949  -43.1886  -535
-108.154  -43.3501  -537
-128.709  -42.7043  -529
-130.486  -42.3813  -525
-132.982  -42.3006  -524
-135.467  -42.2199  -523
-138.471  -42.3006  -524
-141.216  -42.3006  -524
-146.158  -42.9464  -532
-37.1777  -47.5055  -570
-38.9654  -46.0887  -553
-41.6347  -45.8386  -550
-44.1108  -45.4219  -545
-46.9653  -45.4219  -545
-49.9113  -45.5053  -546
-53.0611  -45.7553  -549
-56.1404  -45.922  -551
-59.4548  -46.2554  -555
-62.8112  -46.5887  -559
-65.0335  -46.0887  -553
-67.6843  -45.922  -551
-70.1861  -45.672  -548
-72.7897  -45.5053  -546
-75.3724  -45.3386  -544
-78.2217  -45.3386  -544
-81.2201  -45.4219  -545
-84.3831  -45.5886  -547
-87.5672  -45.7553  -549
-90.278  -45.672  -548
-92.2983  -45.2552  -543
-94.792  -45.0886  -541
-97.4452  -45.0052  -540
-99.7164  -44.7552  -537
-102.338  -44.6718  -536
-105.342  -44.7552  -537
-108.557  -44.9219  -539
-128.953  -44.1718  -530
-130.734  -43.8384  -526
-133.489  -43.8384  -526
-135.985  -43.7551  -525
-139.264  -43.9218  -527
-141.755  -43.8384  -526
-145.883  -44.2551  -531
-37.6257  -51.6617  -601
-38.2634  -48.4812  -564
-40.4136  -47.5357  -553
-42.8401  -47.0199  -547
-45.6216  -46.934  -546
-48.3926  -46.848  -545
-51.3412  -46.934  -546
-54.5981  -47.2778  -550
-57.5833  -47.3638  -551
-60.4693  -47.3638  -551
-63.2403  -47.2778  -550
-66.2413  -47.3638  -551
-69.0018  -47.2778  -550
-71.3598  -46.934  -546
-74.0837  -46.848  -545
-76.9382  -46.848  -545
-79.6464  -46.762  -544
-82.1924  -46.5901  -542
-85.5019  -46.848  -545
-88.6807  -47.0199  -547
-91.211  -46.848  -545
-93.5478  -46.5901  -542
-95.8531  -46.3322  -539
-98.3101  -46.1603  -537
-100.746  -45.9884  -535
-103.355  -45.9024  -534
-106.947  -46.2463  -538
-128.046  -45.7305  -532
-129.603  -45.3007  -527
-132.363  -45.3007  -527
-134.354  -45.0428  -524
-137.36  -45.1288  -525
-140.644  -45.3007  -527
-143.404  -45.3007  -527
-38.1892  -54.0315  -610
-38.6705  -50.4885  -570
-40.5597  -49.1598  -555
-42.9185  -48.5398  -548
-45.6216  -48.3626  -546
-48.3926  -48.2741  -545
-51.5293  -48.5398  -548
-54.7966  -48.8941  -552
-57.5833  -48.8055  -551
-60.3596  -48.7169  -550
-63.1254  -48.6284  -549
-66.0009  -48.6284  -549
-68.7509  -48.5398  -548
-71.3598  -48.3626  -546
-74.2196  -48.3626  -546
-76.7971  -48.1855  -544
-79.5  -48.0969  -543
-82.1924  -48.0083  -542
-85.5019  -48.2741  -545
-88.3565  -48.2741  -545
-91.211  -48.2741  -545
-93.7204  -48.0969  -543
-96.031  -47.8312  -540
-98.3101  -47.5655  -537
-100.746  -47.3883  -535
-103.548  -47.3883  -535
-107.146  -47.7426  -539
-126.891  -47.2111  -533
-128.953  -46.9454  -530
-131.231  -46.7683  -528
-133.489  -46.5911  -526
-135.726  -46.414  -524
-139.264  -46.6797  -527
-142.024  -46.6797  -527
-38.8152  -56.5396  -620
-38.9418  -52.3447  -574
-40.6328  -50.7032  -556
-43.0751  -50.1561  -550
-45.6216  -49.7913  -546
-48.3038  -49.6089  -544
-51.4352  -49.8825  -547
-54.3995  -49.9737  -548
-57.2698  -49.9737  -548
-60.1401  -49.9737  -548
-63.0104  -49.9737  -548
-65.8806  -49.9737  -548
-68.7509  -49.9737  -548
-71.3598  -49.7913  -546
-74.0837  -49.7001  -545
-76.5147  -49.4265  -542
-79.5  -49.5177  -543
-82.0408  -49.3354  -541
-85.1881  -49.5177  -543
-88.0322  -49.5177  -543
-91.0437  -49.6089  -544
-93.5478  -49.4265  -542
-96.031  -49.2442  -540
-98.3101  -48.9706  -537
-100.934  -48.8794  -536
-103.548  -48.7882  -535
-107.146  -49.153  -539
-125.73  -48.697  -534
-127.083  -48.1498  -528
-129.603  -48.0587  -527
-132.112  -47.9675  -526
-134.354  -47.7851  -524
-137.099  -47.7851  -524
-140.644  -48.0587  -527
-144.22  -48.3322  -530
-38.9388  -56.0043  -597
-39.7404  -52.9086  -564
-41.7861  -51.7829  -552
-44.3536  -51.4076  -548
-46.9653  -51.1262  -545
-50.0027  -51.3138  -547
-52.9644  -51.4076  -548
-56.0385  -51.5952  -550
-58.8121  -51.5014  -549
-61.9123  -51.689  -551
-64.5631  -51.5014  -549
-67.1929  -51.3138  -547
-69.8018  -51.1262  -545
-72.7897  -51.22  -546
-75.2338  -50.9386  -543
-77.7903  -50.7509  -541
-80.922  -50.9386  -543
-83.7661  -50.9386  -543
-86.2912  -50.7509  -541
-89.4543  -50.9386  -543
-92.1284  -50.8448  -542
-94.9672  -50.8448  -542
-96.9038  -50.3757  -537
-99.3451  -50.1881  -535
-102.147  -50.1881  -535
-105.146  -50.2819  -536
-109.161  -50.8448  -542
-126.415  -49.8128  -531
-127.979  -49.3438  -526
-130.486  -49.25  -525
-133.997  -49.5314  -528
-135.985  -49.25  -525
-139.264  -49.4376  -527
-142.833  -49.719  -530
-38.6779  -57.1807  -593
-39.8814  -54.5772  -566
-41.8618  -53.3237  -553
-44.5155  -53.0344  -550
-47.1377  -52.7451  -547
-49.9113  -52.6487  -546
-52.8678  -52.7451  -547
-55.9366  -52.938  -549
-58.4907  -52.6487  -546
-61.5752  -52.8415  -548
-64.4455  -52.8415  -548
-67.3158  -52.8415  -548
-69.9299  -52.6487  -546
-72.6564  -52.5522  -545
-75.2338  -52.3594  -543
-77.7903  -52.1665  -541
-80.922  -52.3594  -543
-83.6118  -52.263  -542
-86.2912  -52.1665  -541
-89.2895  -52.263  -542
-92.1284  -52.263  -542
-94.792  -52.1665  -541
-96.7233  -51.6844  -536
-99.3451  -51.588  -535
-102.338  -51.6844  -536
-105.342  -51.7808  -537
-109.363  -52.3594  -543
-125.259  -51.2987  -532
-127.324  -51.0094  -529
-129.357  -50.7201  -526
-132.112  -50.7201  -526
-135.123  -50.8166  -527
-137.622  -50.7201  -526
-141.445  -51.1059  -530
-38.0013  -60.119  -607
-39.281  -57.3458  -579
-40.779  -55.2659  -558
-43.0751  -54.4735  -550
-45.8723  -54.3745  -549
-48.659  -54.2754  -548
-51.4352  -54.1764  -547
-54.4988  -54.3745  -549
-57.3743  -54.3745  -549
-60.0303  -54.1764  -547
-63.0104  -54.2754  -548
-65.7604  -54.1764  -547
-68.3745  -53.9783  -545
-71.0984  -53.8793  -544
-74.0837  -53.9783  -545
-76.7971  -53.8793  -544
-79.5  -53.7802  -543
-82.1924  -53.6812  -542
-85.0312  -53.6812  -542
-87.8701  -53.6812  -542
-90.8763  -53.7802  -543
-93.3752  -53.5821  -541
-95.8531  -53.384  -539
-98.127  -53.0869  -536
-100.934  -53.0869  -536
-103.935  -53.186  -537
-107.146  -53.384  -539
-122.473  -52.6908  -532
-125.024  -52.5917  -531
-127.324  -52.3936  -529
-129.603  -52.1955  -527
-132.363  -52.1955  -527
-134.867  -52.0965  -526
-138.145  -52.2946  -528
-32.3204  -63.0288  -620
-39.1344  -60.9956  -600
-40.4451  -58.3525  -574
-42.0889  -56.5226  -556
-44.5964  -56.0143  -551
-47.31  -55.811  -549
-49.9113  -55.506  -546
-52.6745  -55.4044  -545
-55.7328  -55.6077  -547
-58.5978  -55.6077  -547
-61.4629  -55.6077  -547
-64.3279  -55.6077  -547
-67.1929  -55.6077  -547
-69.9299  -55.506  -546
-72.6564  -55.4044  -545
-75.3724  -55.3027  -544
-78.2217  -55.3027  -544
-80.922  -55.2011  -543
-83.6118  -55.0994  -542
-86.4507  -55.0994  -542
-89.1248  -54.9977  -541
-92.1284  -55.0994  -542
-94.6168  -54.8961  -540
-96.9038  -54.5911  -537
-99.5307  -54.4894  -536
-102.529  -54.5911  -537
-105.93  -54.8961  -540
-110.37  -55.7093  -548
-121.782  -53.7778  -529
-124.318  -53.6762  -528
-127.083  -53.6762  -528
-129.111  -53.3712  -525
-131.861  -53.3712  -525
-134.611  -53.3712  -525
-138.407  -53.7778  -529
-31.2414  -65.7982  -631
-38.2518  -63.7127  -611
-39.8916  -61.3143  -588
-41.3636  -59.0202  -566
-43.31  -57.6646  -553
-45.9558  -57.3518  -550
-48.5702  -57.039  -547
-51.4352  -57.039  -547
-54.5981  -57.3518  -550
-57.3743  -57.2475  -549
-60.1401  -57.1433  -548
-62.8954  -57.039  -547
-65.8806  -57.1433  -548
-68.3745  -56.8304  -545
-71.3598  -56.9347  -546
-74.0837  -56.8304  -545
-76.7971  -56.7262  -544
-79.7928  -56.8304  -545
-82.4957  -56.7262  -544
-85.1881  -56.6219  -543
-87.8701  -56.5176  -542
-90.5416  -56.4133  -541
-93.3752  -56.4133  -541
-95.6753  -56.1005  -538
-98.3101  -55.9962  -537
-101.311  -56.1005  -538
-104.323  -56.2048  -539
-108.338  -56.8304  -545
-121.307  -55.5791  -533
-123.401  -55.2663  -530
-125.7  -55.0577  -528
-128.223  -54.9535  -527
-130.983  -54.9535  -527
-133.489  -54.8492  -526
-137.021  -55.162  -529
-29.2606  -66.701  -624
-32.946  -67.5562  -632
-35.2236  -65.6321  -614
-38.2518  -65.3114  -611
-40.0273  -63.0667  -590
-41.656  -60.9288  -570
-43.545  -59.4323  -556
-46.0394  -58.8979  -551
-48.659  -58.5772  -548
-51.3412  -58.3634  -546
-54.4988  -58.6841  -549
-57.1653  -58.4703  -547
-60.0303  -58.4703  -547
-62.8954  -58.4703  -547
-65.8806  -58.5772  -548
-68.6255  -58.4703  -547
-71.4905  -58.4703  -547
-73.9477  -58.1496  -544
-76.3735  -57.8289  -541
-79.6464  -58.1496  -544
-82.344  -58.0427  -543
-85.1881  -58.0427  -543
-87.708  -57.8289  -541
-90.2069  -57.6151  -539
-93.2026  -57.722  -540
-95.6753  -57.5082  -538
-98.127  -57.2945  -536
-101.123  -57.4014  -537
-103.742  -57.2945  -536
-107.941  -58.0427  -543
-118.516  -56.9738  -533
-120.852  -56.76  -531
-122.935  -56.4393  -528
-125.462  -56.3324  -527
-128.223  -56.3324  -527
-130.983  -56.3324  -527
-133.489  -56.2255  -526
-137.021  -56.5462  -529
-29.7295  -69.4289  -634
-32.8417  -68.9908  -630
-35.1089  -67.0197  -612
-38.8152  -67.8958  -620
-39.9595  -64.501  -589
-41.729  -62.5298  -571
-43.6233  -60.9967  -557
-46.123  -60.4491  -552
-48.8366  -60.2301  -550
-51.6233  -60.1206  -549
-54.7966  -60.4491  -552
-57.3743  -60.1206  -549
-60.0303  -59.9016  -547
-62.8954  -59.9016  -547
-65.7604  -59.9016  -547
-68.7509  -60.0111  -548
-71.4905  -59.9016  -547
-74.2196  -59.7921  -546
-76.6559  -59.4635  -543
-79.7928  -59.6826  -545
-82.4957  -59.573  -544
-85.345  -59.573  -544
-87.708  -59.2445  -541
-90.3742  -59.135  -540
-93.03  -59.0255  -539
-95.4975  -58.8065  -537
-98.127  -58.697  -536
-101.499  -59.0255  -539
-103.742  -58.697  -536
-107.344  -59.135  -540
-117.12  -58.3684  -533
-119.687  -58.2589  -532
-121.782  -57.9304  -529
-124.082  -57.7114  -527
-127.324  -57.9304  -529
-130.341  -58.0399  -530
-132.614  -57.8209  -528
-135.636  -57.9304  -529
-139.715  -58.478  -534
-30.9443  -70.0787  -625
-33.1229  -67.8362  -605
-36.8916  -68.9574  -615
-39.9171  -68.6211  -612
-40.5155  -64.4724  -575
-42.6188  -63.1269  -563
-44.7583  -62.0056  -553
-47.4824  -61.7814  -551
-50.277  -61.6693  -550
-53.0611  -61.5571  -549
-55.8347  -61.445  -548
-58.5978  -61.3329  -547
-61.5752  -61.445  -548
-64.5631  -61.5571  -549
-67.3158  -61.445  -548
-70.1861  -61.445  -548
-72.6564  -61.1086  -545
-75.0953  -60.7722  -542
-77.9341  -60.7722  -542
-80.773  -60.7722  -542
-83.3033  -60.548  -540
-86.1317  -60.548  -540
-88.7953  -60.4359  -539
-91.4484  -60.3237  -538
-94.0911  -60.2116  -537
-96.9038  -60.2116  -537
-99.5307  -60.0995  -536
-101.956  -59.8752  -534
-104.557  -59.7631  -533
-116.158  -59.9874  -535
-117.849  -59.4267  -530
-120.625  -59.4267  -530
-122.469  -58.9782  -526
-125.462  -59.0904  -527
-128.953  -59.4267  -530
-131.48  -59.3146  -529
-134.251  -59.3146  -529
-138.576  -59.9874  -535
-30.4987  -70.6814  -616
-33.2871  -69.7635  -608
-36.8916  -70.5667  -615
-40.3085  -70.9109  -618
-40.3746  -65.7475  -573
-42.4674  -64.3706  -561
-44.8392  -63.5674  -554
-47.4824  -63.2231  -551
-50.3684  -63.2231  -551
-53.0611  -62.9937  -549
-55.9366  -62.9937  -549
-58.705  -62.8789  -548
-61.4629  -62.7642  -547
-64.5631  -62.9937  -549
-67.1929  -62.7642  -547
-69.9299  -62.6494  -546
-72.5231  -62.4199  -544
-75.0953  -62.1905  -542
-78.2217  -62.4199  -544
-81.071  -62.4199  -544
-83.3033  -61.961  -540
-85.9722  -61.8462  -539
-88.6306  -61.7315  -538
-91.4484  -61.7315  -538
-94.0911  -61.6167  -537
-96.7233  -61.502  -536
-99.3451  -61.3873  -535
-101.956  -61.2725  -534
-104.557  -61.1578  -533
-108.154  -61.6167  -537
-115.941  -61.2725  -534
-118.071  -60.9283  -531
-120.852  -60.9283  -531
-122.935  -60.5841  -528
-126.177  -60.8135  -530
-129.196  -60.9283  -531
-131.729  -60.8135  -530
-135.012  -61.043  -532
-24.7875  -74.5231  -635
-27.1837  -72.0585  -614
-30.1521  -71.4717  -609
-33.3419  -71.4717  -609
-36.5317  -71.4717  -609
-39.7214  -71.4717  -609
-40.0927  -66.7774  -569
-42.3917  -65.7211  -560
-44.8392  -65.017  -554
-47.4824  -64.6649  -551
-50.277  -64.5475  -550
-52.8678  -64.1955  -547
-55.8347  -64.3128  -548
-58.5978  -64.1955  -547
-61.5752  -64.3128  -548
-64.4455  -64.3128  -548
-67.1929  -64.1955  -547
-69.9299  -64.0781  -546
-72.5231  -63.8434  -544
-74.8182  -63.3739  -540
-77.7903  -63.4913  -541
-80.922  -63.726  -543
-83.3033  -63.3739  -540
-85.9722  -63.2566  -539
-88.6306  -63.1392  -538
-91.6184  -63.2566  -539
-94.2663  -63.1392  -538
-96.7233  -62.9045  -536
-99.1594  -62.6698  -534
-101.765  -62.5524  -533
-104.753  -62.6698  -534
-107.55  -62.6698  -534
-111.38  -63.2566  -539
-113.568  -62.9045  -536
-115.29  -62.3177  -531
-117.849  -62.2004  -530
-120.625  -62.2004  -530
-122.935  -61.9656  -528
-126.177  -62.2004  -530
-128.953  -62.2004  -530
-131.48  -62.083  -529
10.6461  -68.7461  -573
-23.1609  -76.3046  -636
-25.6174  -73.7851  -615
-28.5103  -72.9453  -608
-31.5906  -72.7053  -606
-35.1662  -73.5452  -613
-38.0013  -72.8253  -607
-39.2132  -69.346  -578
-41.0713  -67.4264  -562
-43.6233  -66.8265  -557
-46.2901  -66.4666  -554
-49.0142  -66.2266  -552
-51.7173  -65.9867  -550
-54.3995  -65.7467  -548
-57.2698  -65.7467  -548
-60.0303  -65.6268  -547
-63.0104  -65.7467  -548
-65.6402  -65.5068  -546
-68.6255  -65.6268  -547
-71.2291  -65.3868  -545
-73.9477  -65.2668  -544
-76.3735  -64.9069  -541
-79.6464  -65.2668  -544
-82.1924  -65.0269  -542
-84.8744  -64.9069  -541
-87.5459  -64.7869  -540
-90.5416  -64.9069  -541
-93.2026  -64.7869  -540
-95.8531  -64.6669  -539
-98.127  -64.307  -536
-100.746  -64.187  -535
-103.548  -64.187  -535
-106.549  -64.307  -536
-109.153  -64.187  -535
-112.164  -64.307  -536
-114.543  -64.0671  -534
-116.9  -63.8271  -532
-119.911  -63.9471  -533
-122.243  -63.7071  -531
-125.024  -63.7071  -531
-128.046  -63.8271  -532
-130.832  -63.8271  -532
-134.372  -64.187  -535
11.8287  -68.4066  -558
8.85818  -68.0388  -555
6.00486  -68.6518  -560
3.09368  -69.1421  -564
-19.7674  -77.7236  -634
-22.8696  -76.988  -628
-25.3675  -74.6588  -609
-28.4634  -74.4136  -607
-31.4864  -74.0458  -604
-34.822  -74.4136  -607
-37.5005  -73.4329  -599
-39.0097  -70.4906  -575
-40.9982  -68.7743  -561
-43.545  -68.1614  -556
-46.2901  -67.9162  -554
-48.9254  -67.5484  -551
-51.8114  -67.5484  -551
-54.5981  -67.4258  -550
-57.1653  -67.0581  -547
-60.0303  -67.0581  -547
-62.8954  -67.0581  -547
-65.52  -66.8129  -545
-68.6255  -67.0581  -547
-71.3598  -66.9355  -546
-73.9477  -66.6903  -544
-76.5147  -66.4451  -542
-79.3536  -66.4451  -542
-82.0408  -66.3225  -541
-84.7175  -66.1999  -540
-87.3837  -66.0773  -539
-90.5416  -66.3225  -541
-93.03  -66.0773  -539
-95.8531  -66.0773  -539
-97.944  -65.5869  -535
-100.746  -65.5869  -535
-103.548  -65.5869  -535
-106.152  -65.4643  -534
-108.541  -65.2192  -532
-111.536  -65.3418  -533
-114.328  -65.3418  -533
-116.68  -65.0966  -531
-119.237  -64.974  -530
-122.013  -64.974  -530
-124.318  -64.7288  -528
-127.324  -64.8514  -529
-130.832  -65.2192  -532
16.7647  -72.2456  -577
13.3139  -69.9919  -559
10.3117  -69.491  -555
7.40471  -69.491  -555
4.52209  -69.8666  -558
1.59371  -69.6162  -556
-1.33033  -70.2423  -561
-19.6427  -78.8817  -630
-22.7239  -78.1304  -624
-25.4091  -76.3775  -610
-28.6041  -76.3775  -610
-31.6949  -76.1271  -608
-34.5926  -75.5011  -603
-37.6257  -75.2506  -601
-39.0097  -71.9952  -575
-40.9251  -70.1171  -560
-43.7016  -69.8666  -558
-46.3736  -69.491  -555
-49.0142  -69.1154  -552
-51.9994  -69.2406  -553
-54.6974  -68.9902  -551
-57.1653  -68.4893  -547
-60.1401  -68.6146  -548
-62.8954  -68.4893  -547
-65.6402  -68.3641  -546
-68.6255  -68.4893  -547
-71.3598  -68.3641  -546
-74.0837  -68.2389  -545
-76.7971  -68.1137  -544
-79.6464  -68.1137  -544
-82.4957  -68.1137  -544
-84.8744  -67.7381  -541
-87.708  -67.7381  -541
-90.3742  -67.6129  -540
-93.3752  -67.7381  -541
-95.8531  -67.4877  -539
-98.127  -67.1121  -536
-100.746  -66.9868  -535
-103.742  -67.1121  -536
-106.351  -66.9868  -535
-108.949  -66.8616  -534
-111.746  -66.8616  -534
-114.328  -66.7364  -533
-117.34  -66.8616  -534
-119.462  -66.486  -531
-122.013  -66.3608  -530
-124.553  -66.2356  -529
-127.324  -66.2356  -529
-131.816  -67.1121  -536
16.5613  -72.8606  -570
13.2662  -71.1989  -557
10.3117  -70.9432  -555
7.37803  -70.6876  -553
4.49778  -70.9432  -555
1.58797  -70.8154  -554
-1.30661  -70.4319  -551
-4.24586  -71.3267  -558
-14.0167  -76.8232  -601
-17.6215  -78.8684  -617
-21.0898  -79.7632  -624
-24.0849  -78.8684  -617
-27.1837  -78.485  -614
-30.6967  -79.2519  -620
-33.2324  -77.5902  -607
-35.8718  -76.4398  -598
-38.3517  -75.1615  -588
-39.8109  -72.2215  -565
-42.2403  -71.3267  -558
-45.082  -71.1989  -557
-47.6547  -70.6876  -553
-50.4598  -70.5598  -552
-53.351  -70.5598  -552
-55.9366  -70.1763  -549
-58.705  -70.0485  -548
-61.6876  -70.1763  -549
-64.4455  -70.0485  -548
-67.1929  -69.9206  -547
-70.058  -69.9206  -547
-72.5231  -69.5372  -544
-75.2338  -69.4093  -543
-77.9341  -69.2815  -542
-81.071  -69.5372  -544
-83.6118  -69.2815  -542
-86.2912  -69.1537  -541
-88.7953  -68.898  -539
-91.9584  -69.1537  -541
-94.6168  -69.0259  -540
-96.9038  -68.6424  -537
-99.1594  -68.2589  -534
-101.956  -68.2589  -534
-104.753  -68.2589  -534
-107.752  -68.3867  -535
-110.347  -68.2589  -534
-112.72  -68.0033  -532
-115.507  -68.0033  -532
-118.071  -67.8754  -531
-119.942  -67.3641  -527
-123.633  -67.8754  -531
-125.938  -67.6198  -529
-129.682  -68.1311  -533
18.5609  -76.4392  -586
14.8042  -73.0477  -560
11.7863  -72.5259  -556
8.84222  -72.265  -554
5.94052  -72.265  -554
3.04431  -72.3955  -555
0.136877  -72.1346  -553
-2.74461  -71.7433  -550
-5.68673  -72.5259  -556
-8.66077  -73.0477  -560
-11.6974  -73.6999  -565
-15.3053  -76.961  -590
-19.175  -80.222  -615
-22.4326  -80.3525  -616
-25.5341  -79.9611  -613
-28.8386  -80.222  -615
-31.9555  -79.9611  -613
-34.191  -77.7436  -596
-36.6866  -76.4392  -586
-38.6026  -74.2217  -569
-40.9251  -73.0477  -560
-43.7016  -72.7868  -558
-46.5407  -72.6564  -557
-49.1918  -72.265  -554
-51.9054  -72.0042  -552
-54.6974  -71.8737  -551
-57.6878  -72.0042  -552
-60.3596  -71.7433  -550
-63.1254  -71.6128  -549
-65.6402  -71.2215  -546
-68.6255  -71.3519  -547
-71.2291  -71.0911  -545
-73.9477  -70.9606  -544
-76.6559  -70.8302  -543
-79.3536  -70.6997  -542
-82.344  -70.8302  -543
-84.7175  -70.4388  -540
-87.5459  -70.4388  -540
-90.2069  -70.3084  -539
-93.3752  -70.5693  -541
-95.8531  -70.3084  -539
-98.3101  -70.0475  -537
-100.746  -69.7866  -535
-103.355  -69.6562  -534
-106.351  -69.7866  -535
-109.357  -69.9171  -536
-111.746  -69.6562  -534
-114.543  -69.6562  -534
-117.12  -69.5257  -533
-119.012  -69.004  -529
-122.013  -69.1344  -530
-125.259  -69.3953  -532
-128.527  -69.6562  -534
14.8042  -74.513  -560
11.7651  -73.8477  -555
8.79434  -73.3155  -551
5.89763  -73.1824  -550
3.03334  -73.5816  -553
0.135886  -73.0494  -549
-2.72964  -72.7832  -547
-5.63559  -73.3155  -551
-8.58344  -73.8477  -555
-11.5525  -74.2469  -558
-14.7086  -75.4444  -567
-18.9567  -80.8998  -608
-22.3233  -81.5651  -613
-25.6174  -81.8312  -615
-28.7917  -81.6982  -614
-31.7991  -81.1659  -610
-34.0189  -78.9039  -593
-35.8102  -76.1097  -572
-38.1956  -74.9122  -563
-40.9251  -74.513  -560
-43.6233  -74.1138  -557
-46.5407  -74.1138  -557
-49.103  -73.5816  -553
-51.7173  -73.1824  -550
-54.4988  -73.0494  -549
-57.5833  -73.3155  -551
-60.3596  -73.1824  -550
-63.1254  -73.0494  -549
-65.6402  -72.6502  -546
-68.5  -72.6502  -546
-71.2291  -72.5171  -545
-73.9477  -72.3841  -544
-76.7971  -72.3841  -544
-79.2071  -71.9849  -541
-82.0408  -71.9849  -541
-84.4037  -71.5857  -538
-87.2216  -71.5857  -538
-90.0395  -71.5857  -538
-93.03  -71.7188  -539
-95.6753  -71.5857  -538
-98.127  -71.3196  -536
-100.746  -71.1865  -535
-103.161  -70.9204  -533
-105.953  -70.9204  -533
-108.745  -70.9204  -533
-111.536  -70.9204  -533
-114.114  -70.7873  -532
-116.461  -70.5212  -530
-118.787  -70.2551  -528
-122.243  -70.6543  -531
-125.495  -70.9204  -533
14.9364  -76.6567  -565
11.7651  -75.2999  -555
8.79434  -74.7572  -551
5.89763  -74.6216  -550
3.02785  -74.8929  -552
0.135639  -74.3502  -548
-2.71966  -73.9432  -545
-5.62536  -74.6216  -550
-8.56797  -75.1643  -554
-11.4697  -75.1643  -554
-14.4751  -75.707  -558
-18.0837  -78.6918  -580
-22.1048  -82.3551  -607
-25.5757  -83.3048  -614
-28.651  -82.8978  -611
-31.6949  -82.4907  -608
-33.9042  -80.1843  -591
-35.5597  -77.0637  -568
-38.1277  -76.2497  -562
-40.9251  -75.9783  -560
-43.6233  -75.5713  -557
-46.5407  -75.5713  -557
-49.1918  -75.1643  -554
-51.9054  -74.8929  -552
-54.5981  -74.6216  -550
-57.4788  -74.6216  -550
-60.2498  -74.4859  -549
-63.0104  -74.3502  -548
-65.6402  -74.0788  -546
-68.6255  -74.2145  -547
-71.0984  -73.8075  -544
-73.8118  -73.6718  -543
-76.9382  -73.9432  -545
-79.6464  -73.8075  -544
-82.1924  -73.5361  -542
-84.7175  -73.2648  -540
-87.2216  -72.9935  -538
-90.2069  -73.1291  -539
-93.03  -73.1291  -539
-95.8531  -73.1291  -539
-98.3101  -72.8578  -537
-100.934  -72.7221  -536
-103.355  -72.4507  -534
-105.953  -72.3151  -533
-108.541  -72.1794  -532
-111.955  -72.5864  -535
-114.543  -72.4507  -534
-116.9  -72.1794  -532
-119.237  -71.9081  -530
-122.013  -71.9081  -530
-125.73  -72.4507  -534
11.8075  -77.0287  -557
8.77838  -76.0607  -550
5.87618  -75.7841  -548
3.00043  -75.6458  -547
0.134896  -75.3692  -545
-2.71966  -75.3692  -545
-5.60491  -75.7841  -548
-8.53704  -76.3373  -552
-11.449  -76.4756  -553
-14.3973  -76.7522  -555
-17.6472  -78.2734  -566
-21.5222  -81.7307  -591
-25.2841  -83.9434  -607
-28.4166  -83.8051  -606
-31.5385  -83.6668  -605
-34.191  -82.4221  -596
-35.4971  -78.4117  -567
-38.1277  -77.7202  -562
-40.8521  -77.3053  -559
-43.6233  -77.0287  -557
-46.4572  -76.8905  -556
-49.0142  -76.3373  -552
-51.8114  -76.199  -551
-54.5981  -76.0607  -550
-57.2698  -75.7841  -548
-60.2498  -75.9224  -549
-63.1254  -75.9224  -549
-65.52  -75.3692  -545
-68.6255  -75.6458  -547
-71.0984  -75.2309  -544
-73.6759  -74.9544  -542
-76.6559  -75.0927  -543
-79.6464  -75.2309  -544
-82.0408  -74.8161  -541
-84.7175  -74.6778  -540
-87.2216  -74.4012  -538
-90.0395  -74.4012  -538
-92.8574  -74.4012  -538
-95.4975  -74.2629  -537
-97.944  -73.9863  -535
-100.746  -73.9863  -535
-103.161  -73.7097  -533
-105.953  -73.7097  -533
-108.541  -73.5714  -532
-111.536  -73.7097  -533
-114.328  -73.7097  -533
-116.68  -73.4331  -531
-119.012  -73.1566  -529
-122.013  -73.2949  -530
11.9135  -79.1908  -562
8.79434  -77.6408  -551
5.88691  -77.3589  -549
3.00591  -77.218  -548
0.135391  -77.0771  -547
-2.72465  -76.9362  -546
-5.60491  -77.218  -548
-8.50611  -77.4998  -550
-11.4076  -77.6408  -551
-14.3714  -78.0635  -554
-17.4913  -79.0498  -561
-20.721  -80.1771  -569
-24.9509  -84.4044  -599
-28.1821  -84.6862  -601
-31.4864  -85.1089  -604
-33.6747  -82.7135  -587
-35.5597  -80.0362  -568
-38.1956  -79.3317  -563
-40.779  -78.6271  -558
-43.545  -78.3453  -556
-46.3736  -78.2044  -555
-49.1918  -78.0635  -554
-51.9054  -77.7817  -552
-54.7966  -77.7817  -552
-57.5833  -77.6408  -551
-60.2498  -77.3589  -549
-63.1254  -77.3589  -549
-65.6402  -76.9362  -546
-68.7509  -77.218  -548
-71.2291  -76.7953  -545
-73.8118  -76.5135  -543
-76.6559  -76.5135  -543
-79.7928  -76.7953  -545
-82.1924  -76.3726  -542
-84.7175  -76.0908  -540
-87.3837  -75.9498  -539
-90.3742  -76.0908  -540
-92.8574  -75.8089  -538
-95.4975  -75.668  -537
-97.944  -75.3862  -535
-100.558  -75.2453  -534
-103.355  -75.2453  -534
-106.351  -75.3862  -535
-109.153  -75.3862  -535
-111.955  -75.3862  -535
-114.757  -75.3862  -535
-117.12  -75.1044  -533
-119.462  -74.8226  -531
-122.473  -74.9635  -532
10.4045  -80.3742  -560
7.32466  -78.7955  -549
4.43294  -78.5084  -547
1.56791  -78.5084  -547
-1.29475  -78.3649  -546
-4.15455  -78.3649  -546
-7.0272  -78.5084  -547
-9.9284  -78.7955  -549
-12.8506  -79.0825  -551
-15.8222  -79.5131  -554
-18.8591  -80.0872  -558
-22.016  -80.9483  -564
-25.7227  -83.3883  -581
-29.558  -85.6847  -597
-32.4112  -84.9671  -592
-34.0722  -81.5225  -568
-36.7864  -80.9483  -564
-39.3177  -80.0872  -558
-42.0889  -79.8001  -556
-44.9202  -79.6566  -555
-47.6547  -79.3696  -553
-50.277  -78.939  -550
-53.2544  -79.0825  -551
-56.0385  -78.939  -550
-58.9192  -78.939  -550
-61.8  -78.939  -550
-64.5631  -78.7955  -549
-67.1929  -78.5084  -547
-70.058  -78.5084  -547
-72.7897  -78.3649  -546
-75.3724  -78.0778  -544
-77.9341  -77.7908  -542
-80.773  -77.7908  -542
-83.3033  -77.5037  -540
-85.9722  -77.3602  -539
-88.7953  -77.3602  -539
-91.6184  -77.3602  -539
-94.2663  -77.2167  -538
-96.9038  -77.0732  -537
-99.3451  -76.7861  -535
-102.147  -76.7861  -535
-104.753  -76.6426  -534
-107.55  -76.6426  -534
-110.141  -76.4991  -533
-112.508  -76.212  -531
-115.507  -76.3555  -532
-117.849  -76.0685  -530
-120.852  -76.212  -531
7.36469  -80.6704  -552
4.45726  -80.3781  -550
1.57078  -80.0859  -548
-1.29713  -79.9397  -547
-4.15455  -79.7936  -546
-7.04004  -80.0859  -548
-9.9284  -80.232  -549
-12.8272  -80.3781  -550
-15.7937  -80.8166  -553
-18.7577  -81.1088  -555
-21.7037  -81.255  -556
-25.0143  -82.5703  -565
-28.4192  -83.8856  -574
-31.2614  -83.4471  -571
-33.7123  -82.1318  -562
-36.5255  -81.8396  -560
-39.3177  -81.5473  -558
-42.0132  -81.1088  -555
-44.8392  -80.9627  -554
-47.6547  -80.8166  -553
-50.3684  -80.5243  -551
-53.351  -80.6704  -552
-56.1404  -80.5243  -551
-59.0263  -80.5243  -551
-61.8  -80.3781  -550
-64.5631  -80.232  -549
-67.1929  -79.9397  -547
-70.058  -79.9397  -547
-72.923  -79.9397  -547
-75.5109  -79.6474  -545
-78.0779  -79.3551  -543
-80.922  -79.3551  -543
-83.3033  -78.9167  -540
-86.1317  -78.9167  -540
-88.6306  -78.6244  -538
-91.4484  -78.6244  -538
-94.0911  -78.4783  -537
-96.9038  -78.4783  -537
-99.3451  -78.186  -535
-102.147  -78.186  -535
-105.146  -78.3321  -536
-107.752  -78.186  -535
-110.554  -78.186  -535
-113.144  -78.0399  -534
-115.724  -77.8937  -533
-118.516  -77.8937  -533
-121.763  -78.186  -535
5.91908  -82.1148  -552
3.00043  -81.371  -547
0.135391  -81.371  -547
-2.72964  -81.371  -547
-5.61513  -81.6685  -549
-8.50611  -81.8173  -550
-11.3869  -81.8173  -550
-14.2676  -81.8173  -550
-17.2107  -82.1148  -552
-20.2112  -82.5611  -555
-23.2014  -82.8586  -557
-26.2126  -83.1561  -559
-29.2969  -83.6024  -562
-32.1258  -83.3049  -560
-34.9337  -83.0074  -558
-37.8563  -83.0074  -558
-40.7059  -82.8586  -557
-43.4667  -82.5611  -555
-46.2901  -82.4123  -554
-49.0142  -82.1148  -552
-51.9054  -82.1148  -552
-54.5981  -81.8173  -550
-57.3743  -81.6685  -549
-60.3596  -81.8173  -550
-63.0104  -81.5198  -548
-65.6402  -81.2222  -546
-68.5  -81.2222  -546
-71.3598  -81.2222  -546
-74.3555  -81.371  -547
-76.6559  -80.776  -543
-79.3536  -80.6272  -542
-82.0408  -80.4785  -541
-84.7175  -80.3297  -540
-87.3837  -80.1809  -539
-90.0395  -80.0322  -538
-92.6848  -79.8834  -537
-95.4975  -79.8834  -537
-97.944  -79.5859  -535
-100.181  -79.1396  -532
-103.355  -79.4371  -534
-105.953  -79.2884  -533
-108.541  -79.1396  -532
-111.327  -79.1396  -532
-113.685  -78.8421  -530
-116.68  -78.9909  -531
-119.687  -79.1396  -532
6.01558  -84.9216  -561
3.01688  -83.2564  -550
0.136134  -83.2564  -550
-2.73463  -82.9537  -548
-5.61513  -83.105  -549
-8.50611  -83.2564  -550
-11.3869  -83.2564  -550
-14.2935  -83.4078  -551
-17.2419  -83.7106  -553
-20.1748  -83.8619  -554
-23.2014  -84.3161  -557
-26.1188  -84.3161  -557
-29.0363  -84.3161  -557
-32.0684  -84.6188  -559
-34.9337  -84.4674  -558
-37.7885  -84.3161  -557
-40.779  -84.4674  -558
-43.545  -84.1647  -556
-46.5407  -84.3161  -557
-49.2806  -84.0133  -555
-52.0935  -83.8619  -554
-54.7966  -83.5592  -552
-57.3743  -83.105  -549
-60.2498  -83.105  -549
-63.0104  -82.9537  -548
-65.6402  -82.6509  -546
-68.5  -82.6509  -546
-71.3598  -82.6509  -546
-74.3555  -82.8023  -547
-76.7971  -82.3482  -544
-79.5  -82.1968  -543
-82.344  -82.1968  -543
-84.8744  -81.8941  -541
-87.3837  -81.5913  -539
-90.0395  -81.4399  -538
-92.6848  -81.2886  -537
-95.6753  -81.4399  -538
-97.944  -80.9858  -535
-100.37  -80.683  -533
-103.548  -80.9858  -535
-105.953  -80.683  -533
-108.745  -80.683  -533
-111.955  -80.9858  -535
-114.114  -80.5317  -532
-117.12  -80.683  -533
-119.911  -80.683  -533
3.02785  -85.0036  -552
0.135639  -84.3876  -548
-2.72964  -84.2336  -547
-5.59468  -84.2336  -547
-8.47518  -84.3876  -548
-11.3869  -84.6956  -550
-14.2676  -84.6956  -550
-17.2107  -85.0036  -552
-20.1384  -85.1575  -553
-23.1598  -85.6195  -556
-26.0251  -85.4655  -555
-28.932  -85.4655  -555
-31.9537  -85.7735  -557
-34.8711  -85.7735  -557
-37.6528  -85.4655  -555
-40.6328  -85.6195  -556
-43.6233  -85.7735  -557
-46.3736  -85.4655  -555
-49.103  -85.1575  -553
-51.9054  -85.0036  -552
-54.5981  -84.6956  -550
-57.3743  -84.5416  -549
-60.2498  -84.5416  -549
-62.7804  -84.0796  -546
-65.6402  -84.0796  -546
-68.5  -84.0796  -546
-71.2291  -83.9256  -545
-74.0837  -83.9256  -545
-76.7971  -83.7716  -544
-79.3536  -83.4636  -542
-82.344  -83.6176  -543
-84.5606  -83.0017  -539
-87.5459  -83.1557  -540
-90.2069  -83.0017  -539
-92.6848  -82.6937  -537
-95.4975  -82.6937  -537
-97.944  -82.3857  -535
-100.37  -82.0777  -533
-103.355  -82.2317  -534
-105.754  -81.9237  -532
-108.541  -81.9237  -532
-111.118  -81.7697  -531
-113.685  -81.6157  -530
-116.68  -81.7697  -531
-119.911  -82.0777  -533
1.59084  -86.9178  -555
-1.30424  -86.1347  -550
-4.16216  -85.6649  -547
-7.05289  -85.9781  -549
-9.94649  -86.1347  -550
-12.8506  -86.2913  -551
-15.7365  -86.2913  -551
-18.6225  -86.2913  -551
-21.6256  -86.7611  -554
-24.6601  -87.231  -557
-27.528  -87.0744  -556
-30.495  -87.231  -557
-33.4124  -87.231  -557
-36.1993  -86.9178  -555
-39.1767  -87.0744  -556
-42.2403  -87.3876  -558
-45.0011  -87.0744  -556
-47.7409  -86.7611  -554
-50.6426  -86.7611  -554
-53.4477  -86.6045  -553
-56.1404  -86.2913  -551
-58.8121  -85.9781  -549
-61.6876  -85.9781  -549
-64.3279  -85.6649  -547
-67.1929  -85.6649  -547
-69.8018  -85.3517  -545
-72.7897  -85.5083  -546
-75.6495  -85.5083  -546
-78.2217  -85.1951  -544
-80.6239  -84.7252  -541
-83.3033  -84.5686  -540
-85.9722  -84.412  -539
-88.7953  -84.412  -539
-91.4484  -84.2554  -538
-94.2663  -84.2554  -538
-96.7233  -83.9422  -536
-99.3451  -83.7856  -535
-101.956  -83.629  -534
-104.949  -83.7856  -535
-106.946  -83.1591  -531
-110.347  -83.629  -534
-112.932  -83.4724  -533
-115.941  -83.629  -534
-118.293  -83.3158  -532
0.137619  -88.5292  -556
-2.73463  -87.2554  -548
-5.61513  -87.4146  -549
-8.50611  -87.5739  -550
-11.4076  -87.7331  -551
-14.3195  -87.8923  -552
-17.2419  -88.0515  -553
-20.1019  -87.8923  -552
-23.1598  -88.5292  -556
-26.072  -88.5292  -556
-29.0363  -88.6884  -557
-32.011  -88.8477  -558
-34.8085  -88.5292  -556
-37.6528  -88.37  -555
-40.5597  -88.37  -555
-43.6233  -88.6884  -557
-46.2901  -88.2108  -554
-49.103  -88.0515  -553
-51.9994  -88.0515  -553
-54.5981  -87.5739  -550
-57.3743  -87.4146  -549
-60.1401  -87.2554  -548
-63.0104  -87.2554  -548
-65.7604  -87.0962  -547
-68.5  -86.937  -546
-71.0984  -86.6185  -544
-74.0837  -86.7777  -545
-76.7971  -86.6185  -544
-79.2071  -86.1408  -541
-81.7375  -85.8224  -539
-84.7175  -85.9816  -540
-87.5459  -85.9816  -540
-90.2069  -85.8224  -539
-92.6848  -85.5039  -537
-95.3196  -85.3447  -536
-97.944  -85.1855  -535
-100.37  -84.867  -533
-102.968  -84.7078  -532
-105.555  -84.5486  -531
-108.337  -84.5486  -531
-111.118  -84.5486  -531
-114.328  -84.867  -533
-116.9  -84.7078  -532
-1.32558  -90.4696  -559
-4.18499  -89.013  -550
-7.07858  -89.1748  -551
-9.94649  -89.013  -550
-12.8506  -89.1748  -551
-15.7651  -89.3367  -552
-18.6901  -89.4985  -553
-21.7037  -89.9841  -556
-24.6601  -90.1459  -557
-27.5776  -90.1459  -557
-30.5497  -90.3077  -558
-33.2924  -89.8222  -555
-36.1993  -89.8222  -555
-39.0358  -89.6604  -554
-42.0132  -89.8222  -555
-45.0011  -89.9841  -556
-47.6547  -89.4985  -553
-50.5512  -89.4985  -553
-53.4477  -89.4985  -553
-56.0385  -89.013  -550
-58.8121  -88.8512  -549
-61.6876  -88.8512  -549
-64.3279  -88.5275  -547
-67.3158  -88.6893  -548
-69.9299  -88.3656  -546
-72.923  -88.5275  -547
-75.788  -88.5275  -547
-78.2217  -88.042  -544
-80.773  -87.7183  -542
-83.3033  -87.3946  -540
-86.4507  -87.7183  -542
-89.1248  -87.5564  -541
-91.6184  -87.2327  -539
-94.2663  -87.0709  -538
-96.7233  -86.7472  -536
-99.5307  -86.7472  -536
-101.765  -86.2617  -533
-104.557  -86.2617  -533
-106.946  -85.938  -531
-109.727  -85.938  -531
-112.932  -86.2617  -533
-115.941  -86.4235  -534
-119.183  -86.7472  -536
-4.22303  -91.2744  -555
-7.09143  -90.7811  -552
-9.94649  -90.4521  -550
-12.8506  -90.6166  -551
-15.7365  -90.6166  -551
-18.6901  -90.9455  -553
-21.7037  -91.4389  -556
-24.6159  -91.4389  -556
-27.5776  -91.6034  -557
-30.495  -91.6034  -557
-33.3524  -91.4389  -556
-36.1993  -91.2744  -555
-38.9654  -90.9455  -553
-41.7861  -90.7811  -552
-44.9202  -91.2744  -555
-47.6547  -90.9455  -553
-50.3684  -90.6166  -551
-53.2544  -90.6166  -551
-56.0385  -90.4521  -550
-58.8121  -90.2877  -549
-61.5752  -90.1232  -548
-64.4455  -90.1232  -548
-67.4386  -90.2877  -549
-70.1861  -90.1232  -548
-72.923  -89.9588  -547
-75.788  -89.9588  -547
-78.2217  -89.4654  -544
-80.922  -89.3009  -543
-83.4576  -88.972  -541
-86.2912  -88.972  -541
-89.1248  -88.972  -541
-91.6184  -88.6431  -539
-94.2663  -88.4787  -538
-96.7233  -88.1497  -536
-99.3451  -87.9853  -535
-101.765  -87.6564  -533
-104.557  -87.6564  -533
-107.147  -87.4919  -532
-109.521  -87.163  -530
-112.297  -87.163  -530
-115.507  -87.4919  -532
-4.28391  -94.0633  -563
-7.11712  -92.5596  -554
-9.91032  -91.5572  -548
-12.8272  -91.8913  -550
-15.7365  -92.0584  -551
-18.6563  -92.2254  -552
-21.6647  -92.7267  -555
-24.6159  -92.8937  -556
-27.4785  -92.7267  -555
-30.4402  -92.8937  -556
-33.2924  -92.7267  -555
-36.1341  -92.5596  -554
-38.9654  -92.3925  -553
-41.8618  -92.3925  -553
-44.9202  -92.7267  -555
-47.7409  -92.5596  -554
-50.4598  -92.2254  -552
-53.2544  -92.0584  -551
-56.1404  -92.0584  -551
-59.1335  -92.2254  -552
-61.5752  -91.5572  -548
-64.4455  -91.5572  -548
-67.4386  -91.7242  -549
-70.1861  -91.5572  -548
-72.7897  -91.223  -546
-75.788  -91.3901  -547
-78.3655  -91.0559  -545
-81.071  -90.8888  -544
-83.7661  -90.7218  -543
-86.2912  -90.3876  -541
-89.1248  -90.3876  -541
-91.6184  -90.0535  -539
-94.2663  -89.8864  -538
-96.7233  -89.5522  -536
-99.3451  -89.3852  -535
-101.956  -89.2181  -534
-104.753  -89.2181  -534
-107.55  -89.2181  -534
-109.727  -88.7169  -531
-112.508  -88.7169  -531
-115.724  -89.051  -533
-5.77878  -95.8758  -565
-8.55251  -93.8395  -553
-11.3869  -93.3304  -550
-14.2935  -93.5001  -551
-17.1795  -93.5001  -551
-20.1019  -93.6698  -552
-23.1181  -94.1789  -555
-25.9782  -94.0092  -554
-28.932  -94.1789  -555
-31.8389  -94.1789  -555
-34.6833  -94.0092  -554
-37.585  -94.0092  -554
-40.4136  -93.8395  -553
-43.2317  -93.6698  -552
-46.123  -93.6698  -552
-49.103  -93.8395  -553
-51.8114  -93.5001  -551
-54.5981  -93.3304  -550
-57.4788  -93.3304  -550
-60.2498  -93.1608  -549
-63.0104  -92.9911  -548
-65.8806  -92.9911  -548
-68.7509  -92.9911  -548
-71.4905  -92.8214  -547
-74.0837  -92.482  -545
-77.0794  -92.6517  -546
-79.6464  -92.3123  -544
-82.1924  -91.9729  -542
-84.8744  -91.8032  -541
-87.3837  -91.4638  -539
-90.0395  -91.2941  -538
-92.5122  -90.9548  -536
-95.4975  -91.1245  -537
-98.127  -90.9548  -536
-100.37  -90.4457  -533
-103.161  -90.4457  -533
-105.555  -90.1063  -531
-108.133  -89.9366  -530
-110.699  -89.7669  -529
-113.685  -89.9366  -530
-117.779  -90.9548  -536
-8.66077  -96.4927  -560
-11.449  -95.2865  -553
-14.3454  -95.2865  -553
-17.2107  -95.1142  -552
-20.1019  -95.1142  -552
-23.1181  -95.6311  -555
-25.9782  -95.4588  -554
-29.0363  -95.9757  -557
-31.8963  -95.8034  -556
-34.7459  -95.6311  -555
-37.6528  -95.6311  -555
-40.5597  -95.6311  -555
-43.2317  -95.1142  -552
-46.123  -95.1142  -552
-49.103  -95.2865  -553
-51.9994  -95.2865  -553
-54.6974  -94.9419  -551
-57.5833  -94.9419  -551
-60.3596  -94.7696  -550
-63.1254  -94.5973  -549
-65.8806  -94.425  -548
-68.5  -94.0804  -546
-71.4905  -94.2527  -547
-74.2196  -94.0804  -546
-77.0794  -94.0804  -546
-79.6464  -93.7357  -544
-82.344  -93.5634  -543
-85.0312  -93.3911  -542
-87.708  -93.2188  -541
-90.2069  -92.8742  -539
-92.3396  -92.185  -535
-95.4975  -92.5296  -537
-98.127  -92.3573  -536
-100.746  -92.185  -535
-103.355  -92.0127  -534
-105.754  -91.668  -532
-108.133  -91.3234  -530
-110.909  -91.3234  -530
-114.114  -91.668  -532
-10.1635  -98.3078  -562
-12.9672  -97.2583  -556
-15.7937  -96.7335  -553
-18.6563  -96.5586  -552
-21.5866  -96.7335  -553
-24.483  -96.7335  -553
-27.4785  -97.0834  -555
-30.4402  -97.2583  -556
-33.2324  -96.9084  -554
-36.2646  -97.2583  -556
-39.0358  -96.9084  -554
-41.7861  -96.5586  -552
-44.5155  -96.2087  -550
-47.4824  -96.3837  -551
-50.5512  -96.7335  -553
-53.4477  -96.7335  -553
-56.2422  -96.5586  -552
-58.8121  -96.0338  -549
-61.5752  -95.8589  -548
-64.3279  -95.684  -547
-67.1929  -95.684  -547
-69.9299  -95.509  -546
-72.7897  -95.509  -546
-75.3724  -95.1592  -544
-78.0779  -94.9843  -543
-80.922  -94.9843  -543
-83.3033  -94.4595  -540
-85.9722  -94.2846  -539
-88.7953  -94.2846  -539
-91.2785  -93.9347  -537
-94.0911  -93.9347  -537
-96.7233  -93.7598  -536
-99.3451  -93.5849  -535
-102.147  -93.5849  -535
-104.557  -93.235  -533
-106.745  -92.7102  -530
-109.521  -92.7102  -530
-112.297  -92.7102  -530
-115.507  -93.0601  -532
-13.0605  -99.4233  -560
-15.8793  -98.7131  -556
-18.6901  -98.1805  -553
-21.5866  -98.1805  -553
-24.483  -98.1805  -553
-27.429  -98.358  -554
-30.3307  -98.358  -554
-33.1724  -98.1805  -553
-36.1993  -98.5356  -555
-39.1063  -98.5356  -555
-41.7861  -98.003  -552
-44.4345  -97.4703  -549
-47.3962  -97.6479  -550
-50.5512  -98.1805  -553
-53.4477  -98.1805  -553
-56.2422  -98.003  -552
-58.8121  -97.4703  -549
-61.5752  -97.2928  -548
-64.3279  -97.1153  -547
-67.0701  -96.9377  -546
-69.9299  -96.9377  -546
-72.6564  -96.7602  -545
-75.5109  -96.7602  -545
-78.2217  -96.5826  -544
-80.922  -96.4051  -543
-83.4576  -96.05  -541
-86.2912  -96.05  -541
-88.96  -95.8725  -540
-91.4484  -95.5174  -538
-94.0911  -95.3398  -537
-96.7233  -95.1623  -536
-99.5307  -95.1623  -536
-102.147  -94.9847  -535
-104.753  -94.8072  -534
-107.147  -94.4521  -532
-109.934  -94.4521  -532
-112.72  -94.4521  -532
-116.592  -95.3398  -537
-13.2004  -101.97  -566
-15.9079  -100.348  -557
-18.6901  -99.6275  -553
-21.5866  -99.6275  -553
-24.483  -99.6275  -553
-27.33  -99.4473  -552
-30.276  -99.6275  -553
-33.1124  -99.4473  -552
-36.0689  -99.6275  -553
-39.0358  -99.8077  -554
-41.7861  -99.4473  -552
-44.4345  -98.9069  -549
-47.3962  -99.087  -550
-50.5512  -99.6275  -553
-53.4477  -99.6275  -553
-56.1404  -99.2672  -551
-58.705  -98.7267  -548
-61.6876  -98.9069  -549
-64.3279  -98.5466  -547
-67.1929  -98.5466  -547
-70.058  -98.5466  -547
-72.7897  -98.3664  -546
-75.5109  -98.1862  -545
-78.2217  -98.0061  -544
-81.071  -98.0061  -544
-83.4576  -97.4656  -541
-86.2912  -97.4656  -541
-89.1248  -97.4656  -541
-91.6184  -97.1053  -539
-93.9159  -96.5648  -536
-96.7233  -96.5648  -536
-99.5307  -96.5648  -536
-101.765  -96.0243  -533
-104.753  -96.2045  -534
-106.946  -95.664  -531
-109.727  -95.664  -531
-112.72  -95.8442  -532
-13.4103  -105.096  -575
-15.965  -102.171  -559
-18.7577  -101.44  -555
-21.6647  -101.44  -555
-24.5273  -101.257  -554
-27.3795  -101.074  -553
-30.2212  -100.892  -552
-33.1124  -100.892  -552
-36.0689  -101.074  -553
-39.0358  -101.257  -554
-41.8618  -101.074  -553
-44.4345  -100.343  -549
-47.3962  -100.526  -550
-50.3684  -100.709  -551
-53.2544  -100.709  -551
-56.1404  -100.709  -551
-58.9192  -100.526  -550
-61.9123  -100.709  -551
-64.4455  -100.161  -548
-66.9473  -99.6123  -545
-69.9299  -99.7951  -546
-72.923  -99.9779  -547
-75.6495  -99.7951  -546
-78.2217  -99.4295  -544
-81.071  -99.4295  -544
-83.7661  -99.2467  -543
-86.6102  -99.2467  -543
-89.2895  -99.064  -542
-91.6184  -98.5156  -539
-94.0911  -98.1501  -537
-96.7233  -97.9673  -536
-99.3451  -97.7845  -535
-101.765  -97.419  -533
-104.753  -97.6018  -534
-107.349  -97.419  -533
-109.934  -97.2362  -532
-112.932  -97.419  -533
-14.8124  -105.859  -571
-17.3666  -103.263  -557
-20.2112  -102.892  -555
-23.1181  -102.892  -555
-25.9313  -102.521  -553
-28.8277  -102.521  -553
-31.6095  -102.151  -551
-34.4955  -102.151  -551
-37.5171  -102.521  -553
-40.3405  -102.336  -552
-43.1534  -102.151  -551
-45.9558  -101.965  -550
-48.7478  -101.78  -549
-51.7173  -101.965  -550
-54.5981  -101.965  -550
-57.3743  -101.78  -549
-60.3596  -101.965  -550
-63.2403  -101.965  -550
-65.7604  -101.409  -547
-68.7509  -101.595  -548
-71.4905  -101.409  -547
-74.4915  -101.595  -548
-76.9382  -101.038  -545
-79.5  -100.668  -543
-82.1924  -100.482  -542
-84.8744  -100.297  -541
-87.8701  -100.482  -542
-90.5416  -100.297  -541
-92.8574  -99.7406  -538
-95.3196  -99.3698  -536
-97.944  -99.1844  -535
-100.558  -98.9991  -534
-102.774  -98.4429  -531
-105.754  -98.6283  -532
-108.541  -98.6283  -532
-111.118  -98.4429  -531
-115.615  -99.926  -539
-17.5537  -105.849  -563
-20.284  -104.721  -557
-23.1181  -104.344  -555
-25.9782  -104.156  -554
-28.8277  -103.968  -553
-31.6095  -103.592  -551
-34.4955  -103.592  -551
-37.585  -104.156  -554
-40.4867  -104.156  -554
-43.31  -103.968  -553
-46.0394  -103.592  -551
-48.7478  -103.216  -549
-51.6233  -103.216  -549
-54.6974  -103.592  -551
-57.5833  -103.592  -551
-60.2498  -103.216  -549
-63.2403  -103.404  -550
-65.8806  -103.028  -548
-68.7509  -103.028  -548
-71.4905  -102.84  -547
-74.4915  -103.028  -548
-77.0794  -102.652  -546
-79.7928  -102.464  -545
-82.4957  -102.276  -544
-85.0312  -101.9  -542
-88.0322  -102.088  -543
-90.7089  -101.9  -542
-93.03  -101.336  -539
-95.4975  -100.96  -537
-97.7609  -100.396  -534
-100.37  -100.208  -533
-103.161  -100.208  -533
-105.754  -100.02  -532
-108.541  -100.02  -532
-111.536  -100.208  -533
-17.7719  -108.656  -570
-20.3569  -106.559  -559
-23.1598  -105.987  -556
-25.9782  -105.606  -554
-28.7235  -105.034  -551
-31.5521  -104.844  -550
-34.4328  -104.844  -550
-37.4493  -105.225  -552
-40.4867  -105.606  -554
-43.2317  -105.225  -552
-46.0394  -105.034  -551
-48.8366  -104.844  -550
-51.6233  -104.653  -549
-54.6974  -105.034  -551
-57.5833  -105.034  -551
-60.1401  -104.462  -548
-63.0104  -104.462  -548
-65.8806  -104.462  -548
-68.7509  -104.462  -548
-71.2291  -103.89  -545
-74.2196  -104.081  -546
-77.0794  -104.081  -546
-79.6464  -103.7  -544
-82.1924  -103.319  -542
-84.8744  -103.128  -541
-88.0322  -103.509  -543
-90.5416  -103.128  -541
-92.6848  -102.365  -537
-95.3196  -102.175  -536
-97.7609  -101.794  -534
-100.37  -101.603  -533
-103.161  -101.603  -533
-105.555  -101.222  -531
-108.541  -101.412  -532
-111.536  -101.603  -533
-19.2985  -110.341  -571
-21.8208  -108.022  -559
-24.5716  -107.249  -555
-27.3795  -106.862  -553
-30.1665  -106.476  -551
-33.0525  -106.476  -551
-35.9384  -106.476  -551
-39.0358  -107.056  -554
-41.8618  -106.862  -553
-44.6773  -106.669  -552
-47.3962  -106.283  -550
-50.3684  -106.476  -551
-53.1577  -106.283  -550
-56.3441  -106.862  -553
-59.0263  -106.476  -551
-61.8  -106.283  -550
-64.4455  -105.896  -548
-67.1929  -105.703  -547
-70.058  -105.703  -547
-72.7897  -105.51  -546
-75.788  -105.703  -547
-78.3655  -105.317  -545
-81.071  -105.123  -544
-83.9204  -105.123  -544
-86.4507  -104.737  -542
-89.1248  -104.544  -541
-91.4484  -103.964  -538
-93.9159  -103.577  -536
-96.7233  -103.577  -536
-99.1594  -103.191  -534
-101.956  -103.191  -534
-104.557  -102.998  -533
-107.147  -102.804  -532
-110.347  -103.191  -534
-20.7939  -111.835  -571
-23.2431  -109.289  -558
-25.9782  -108.505  -554
-28.8277  -108.309  -553
-31.6095  -107.918  -551
-34.4955  -107.918  -551
-37.4493  -108.114  -552
-40.2674  -107.918  -551
-43.0751  -107.722  -550
-45.9558  -107.722  -550
-48.7478  -107.526  -549
-51.6233  -107.526  -549
-54.4988  -107.526  -549
-57.4788  -107.722  -550
-60.3596  -107.722  -550
-63.0104  -107.33  -548
-65.6402  -106.938  -546
-68.5  -106.938  -546
-71.2291  -106.743  -545
-74.0837  -106.743  -545
-77.0794  -106.938  -546
-79.5  -106.351  -543
-82.1924  -106.155  -542
-85.1881  -106.351  -543
-87.3837  -105.567  -539
-90.3742  -105.763  -540
-92.8574  -105.372  -538
-95.3196  -104.98  -536
-97.944  -104.784  -535
-100.558  -104.588  -534
-103.161  -104.392  -533
-106.351  -104.784  -535
-108.949  -104.588  -534
-112.373  -105.176  -537
-23.493  -111.94  -564
-26.072  -110.352  -556
-28.932  -110.153  -555
-31.7242  -109.756  -553
-34.5581  -109.558  -552
-37.4493  -109.558  -552
-40.2674  -109.36  -551
-43.0751  -109.161  -550
-45.8723  -108.963  -549
-48.7478  -108.963  -549
-51.8114  -109.36  -551
-54.5981  -109.161  -550
-57.5833  -109.36  -551
-60.4693  -109.36  -551
-63.2403  -109.161  -550
-65.7604  -108.566  -547
-68.6255  -108.566  -547
-71.6212  -108.764  -548
-74.3555  -108.566  -547
-77.0794  -108.367  -546
-79.6464  -107.97  -544
-82.6473  -108.169  -545
-85.8157  -108.566  -547
-87.708  -107.375  -541
-90.7089  -107.573  -542
-93.03  -106.978  -539
-95.3196  -106.382  -536
-98.3101  -106.581  -537
-100.746  -106.184  -535
-103.161  -105.787  -533
-106.549  -106.382  -536
-109.357  -106.382  -536
-113.21  -107.375  -541
-24.9258  -113.214  -563
-27.528  -111.807  -556
-30.3855  -111.606  -555
-33.1124  -111.002  -552
-35.9384  -110.801  -551
-38.754  -110.6  -550
-41.6347  -110.6  -550
-44.4345  -110.399  -549
-47.3962  -110.6  -550
-50.3684  -110.801  -551
-53.1577  -110.6  -550
-55.8347  -110.198  -548
-59.0263  -110.801  -551
-62.0247  -111.002  -552
-64.6807  -110.6  -550
-67.1929  -109.997  -547
-70.3141  -110.399  -549
-72.923  -109.997  -547
-75.6495  -109.796  -546
-78.3655  -109.595  -545
-80.922  -109.193  -543
-84.2289  -109.796  -546
-86.4507  -108.991  -542
-88.96  -108.589  -540
-91.7884  -108.589  -540
-93.9159  -107.785  -536
-96.5429  -107.584  -535
-99.5307  -107.785  -536
-101.765  -107.182  -533
-104.557  -107.182  -533
-107.752  -107.584  -535
-110.967  -107.986  -537
-26.4002  -114.688  -563
-29.0363  -113.465  -557
-31.7242  -112.65  -553
-34.4955  -112.243  -551
-37.3136  -112.039  -550
-40.1943  -112.039  -550
-43.1534  -112.243  -551
-46.0394  -112.243  -551
-48.9254  -112.243  -551
-51.9054  -112.447  -552
-54.5981  -112.039  -550
-57.3743  -111.836  -549
-60.5791  -112.447  -552
-63.3553  -112.243  -551
-65.8806  -111.632  -548
-68.7509  -111.632  -548
-71.8826  -112.039  -550
-74.3555  -111.428  -547
-76.7971  -110.817  -544
-79.6464  -110.817  -544
-82.799  -111.225  -546
-85.345  -110.817  -544
-87.708  -110.206  -541
-90.7089  -110.41  -542
-93.03  -109.799  -539
-95.3196  -109.187  -536
-97.944  -108.984  -535
-100.934  -109.187  -536
-103.355  -108.78  -534
-106.152  -108.78  -534
-109.561  -109.391  -537
-26.7284  -117.605  -570
-29.1926  -115.542  -560
-31.7816  -114.304  -554
-34.6207  -114.097  -553
-37.4493  -113.891  -552
-40.2674  -113.685  -551
-43.1534  -113.685  -551
-46.123  -113.891  -552
-48.8366  -113.478  -550
-51.9054  -113.891  -552
-54.4988  -113.272  -549
-57.1653  -112.86  -547
-60.2498  -113.272  -549
-63.1254  -113.272  -549
-65.8806  -113.066  -548
-68.7509  -113.066  -548
-71.6212  -113.066  -548
-74.2196  -112.653  -546
-76.9382  -112.447  -545
-79.9392  -112.653  -546
-82.344  -112.034  -543
-84.7175  -111.415  -540
-87.3837  -111.209  -539
-90.5416  -111.622  -541
-93.2026  -111.415  -540
-95.4975  -110.796  -537
-97.5778  -109.971  -533
-100.934  -110.59  -536
-103.742  -110.59  -536
-106.351  -110.384  -535
-109.765  -111.003  -538
-28.3697  -119.723  -573
-30.6045  -116.798  -559
-33.4124  -116.38  -557
-36.1993  -115.962  -555
-38.8949  -115.336  -552
-41.7861  -115.336  -552
-44.6773  -115.336  -552
-47.4824  -115.127  -551
-50.277  -114.918  -550
-53.351  -115.336  -552
-55.9366  -114.709  -549
-58.8121  -114.709  -549
-61.5752  -114.5  -548
-64.6807  -114.918  -550
-67.4386  -114.709  -549
-70.1861  -114.5  -548
-72.923  -114.291  -547
-75.9266  -114.5  -548
-78.5093  -114.082  -546
-81.3691  -114.082  -546
-83.9204  -113.664  -544
-86.7697  -113.664  -544
-89.4543  -113.455  -543
-92.2983  -113.455  -543
-94.4416  -112.619  -539
-96.9038  -112.201  -537
-99.7164  -112.201  -537
-102.911  -112.619  -539
-105.538  -112.41  -538
-108.154  -112.201  -537
-29.8182  -121.011  -572
-32.1258  -118.472  -560
-34.8085  -117.626  -556
-37.585  -117.203  -554
-40.4867  -117.203  -554
-43.1534  -116.568  -551
-46.123  -116.78  -552
-48.8366  -116.357  -550
-51.8114  -116.568  -551
-54.5981  -116.357  -550
-57.3743  -116.145  -549
-60.0303  -115.722  -547
-62.8954  -115.722  -547
-66.0009  -116.145  -549
-68.7509  -115.934  -548
-71.2291  -115.299  -545
-74.0837  -115.299  -545
-77.0794  -115.511  -546
-79.6464  -115.087  -544
-82.6473  -115.299  -545
-85.345  -115.087  -544
-87.8701  -114.664  -542
-90.7089  -114.664  -542
-93.2026  -114.241  -540
-95.6753  -113.818  -538
-97.944  -113.183  -535
-100.934  -113.395  -536
-103.935  -113.607  -537
-107.146  -114.03  -539
-110.785  -114.876  -543
-32.3552  -120.794  -564
-34.8711  -119.295  -557
-37.5171  -118.438  -553
-40.5597  -118.867  -555
-43.3884  -118.653  -554
-46.2901  -118.653  -554
-49.0142  -118.224  -552
-51.9054  -118.224  -552
-54.6974  -118.01  -551
-57.5833  -118.01  -551
-60.2498  -117.582  -549
-63.0104  -117.368  -548
-66.0009  -117.582  -549
-68.8764  -117.582  -549
-71.4905  -117.153  -547
-74.2196  -116.939  -546
-76.9382  -116.725  -545
-79.6464  -116.511  -544
-82.799  -116.939  -546
-85.345  -116.511  -544
-88.1943  -116.511  -544
-90.8763  -116.297  -543
-93.2026  -115.654  -540
-95.8531  -115.44  -539
-98.127  -114.797  -536
-100.934  -114.797  -536
-103.935  -115.012  -537
-107.543  -115.868  -541
-111.805  -117.368  -548
-33.8323  -122.27  -564
-36.3298  -120.753  -557
-39.1767  -120.536  -556
-42.0132  -120.319  -555
-44.8392  -120.102  -554
-47.7409  -120.102  -554
-50.4598  -119.669  -552
-53.1577  -119.235  -550
-56.1404  -119.452  -551
-59.0263  -119.452  -551
-61.6876  -119.018  -549
-64.6807  -119.235  -550
-67.1929  -118.585  -547
-69.9299  -118.368  -546
-72.7897  -118.368  -546
-75.3724  -117.934  -544
-78.3655  -118.151  -545
-81.2201  -118.151  -545
-83.9204  -117.934  -544
-86.2912  -117.284  -541
-89.2895  -117.501  -542
-91.7884  -117.067  -540
-94.2663  -116.634  -538
-96.7233  -116.2  -536
-99.5307  -116.2  -536
-102.338  -116.2  -536
-105.93  -117.067  -540
-109.967  -118.368  -546
-34.4921  -126.159  -575
-36.7211  -123.527  -563
-39.1767  -121.991  -556
-42.1646  -122.21  -557
-45.0011  -121.991  -556
-47.8271  -121.771  -555
-50.6426  -121.552  -554
-53.1577  -120.674  -550
-56.2422  -121.113  -552
-59.2406  -121.332  -553
-61.6876  -120.455  -549
-64.5631  -120.455  -549
-67.3158  -120.235  -548
-70.3141  -120.455  -549
-73.0563  -120.235  -548
-75.6495  -119.797  -546
-78.5093  -119.797  -546
-81.2201  -119.577  -545
-84.0746  -119.577  -545
-86.6102  -119.138  -543
-89.4543  -119.138  -543
-91.9584  -118.7  -541
-94.4416  -118.261  -539
-97.0842  -118.041  -538
-99.9021  -118.041  -538
-102.911  -118.261  -539
-106.323  -118.919  -542
-110.168  -120.016  -547
-117.786  -125.062  -570
-38.1277  -124.778  -562
-40.6328  -123.445  -556
-43.545  -123.445  -556
-46.3736  -123.223  -555
-49.2806  -123.223  -555
-51.8114  -122.335  -551
-54.5981  -122.113  -550
-57.5833  -122.335  -551
-60.2498  -121.891  -549
-63.0104  -121.669  -548
-66.1211  -122.113  -550
-68.8764  -121.891  -549
-71.7519  -121.891  -549
-74.4915  -121.669  -548
-77.0794  -121.225  -546
-79.7928  -121.003  -545
-82.4957  -120.781  -544
-85.345  -120.781  -544
-87.8701  -120.337  -542
-90.7089  -120.337  -542
-93.2026  -119.893  -540
-95.6753  -119.449  -538
-98.8593  -119.893  -540
-101.688  -119.893  -540
-104.903  -120.337  -542
-108.338  -121.003  -545
-114.253  -124.334  -560
-39.8109  -126.922  -565
-42.3917  -125.799  -560
-45.163  -125.35  -558
-47.9133  -124.9  -556
-50.734  -124.676  -555
-53.4477  -124.226  -553
-56.2422  -124.002  -552
-59.0263  -123.777  -551
-61.9123  -123.777  -551
-64.5631  -123.328  -549
-67.5615  -123.552  -550
-70.6984  -124.002  -552
-73.323  -123.552  -550
-76.0651  -123.328  -549
-78.5093  -122.654  -546
-81.3691  -122.654  -546
-84.0746  -122.429  -545
-86.9292  -122.429  -545
-89.7837  -122.429  -545
-92.4683  -122.205  -544
-94.792  -121.531  -541
-97.8061  -121.755  -542
-100.645  -121.755  -542
-103.484  -121.755  -542
-106.911  -122.429  -545
-111.377  -124.226  -553
-40.3746  -130.219  -573
-42.5431  -127.719  -562
-45.2439  -127.037  -559
-48.0856  -126.81  -558
-50.6426  -125.901  -554
-53.5443  -125.901  -554
-56.3441  -125.673  -553
-58.9192  -124.992  -550
-61.9123  -125.219  -551
-64.6807  -124.992  -550
-67.5615  -124.992  -550
-70.3141  -124.764  -549
-73.1896  -124.764  -549
-76.0651  -124.764  -549
-78.6531  -124.31  -547
-81.3691  -124.083  -546
-84.0746  -123.855  -545
-86.7697  -123.628  -544
-89.4543  -123.401  -543
-92.2983  -123.401  -543
-94.9672  -123.174  -542
-97.9865  -123.401  -543
-100.831  -123.401  -543
-103.484  -123.174  -542
-106.911  -123.855  -545
-111.78  -126.128  -555
-42.0214  -132.178  -575
-44.1716  -129.649  -564
-46.875  -128.959  -561
-49.7245  -128.73  -560
-52.3756  -128.04  -557
-55.3922  -128.27  -558
-57.8969  -127.35  -554
-60.5791  -126.891  -552
-63.4703  -126.891  -552
-66.3615  -126.891  -552
-69.3782  -127.12  -553
-72.0133  -126.661  -551
-75.0352  -126.891  -552
-77.7852  -126.661  -551
-80.0856  -125.741  -547
-83.1023  -125.971  -548
-85.8157  -125.741  -547
-88.6807  -125.741  -547
-91.0437  -125.052  -544
-94.0656  -125.281  -545
-96.7423  -125.052  -544
-99.5916  -125.052  -544
-102.253  -124.822  -543
-105.677  -125.511  -546
-109.929  -127.12  -553
-115.681  -130.339  -567
-44.4065  -131.822  -567
-46.875  -130.427  -561
-49.6357  -129.962  -559
-52.4696  -129.73  -558
-55.1937  -129.265  -556
-57.7924  -128.567  -553
-60.5791  -128.335  -552
-63.4703  -128.335  -552
-66.3615  -128.335  -552
-69.1273  -128.102  -551
-71.8826  -127.87  -550
-74.8993  -128.102  -551
-77.7852  -128.102  -551
-79.9392  -126.94  -546
-82.9506  -127.172  -547
-85.8157  -127.172  -547
-88.1943  -126.475  -544
-90.8763  -126.242  -543
-93.7204  -126.242  -543
-96.5645  -126.242  -543
-99.4086  -126.242  -543
-102.253  -126.242  -543
-105.871  -127.172  -547
-109.73  -128.335  -552
-114.865  -130.892  -563
-45.3463  -136.127  -579
-47.2927  -133.071  -566
-49.8133  -131.895  -561
-52.8457  -132.13  -562
-55.4915  -131.425  -559
-58.3149  -131.19  -558
-61.0181  -130.72  -556
-63.8152  -130.485  -555
-66.4817  -130.014  -553
-69.3782  -130.014  -553
-72.144  -129.779  -552
-74.8993  -129.544  -551
-78.2088  -130.249  -554
-80.6712  -129.544  -551
-83.2539  -129.074  -549
-85.9725  -128.839  -548
-88.3565  -128.134  -545
-91.3784  -128.369  -546
-93.893  -127.898  -544
-96.5645  -127.663  -543
-99.5916  -127.898  -544
-102.629  -128.134  -545
-106.645  -129.544  -551
-110.724  -130.955  -557
-114.865  -132.365  -563
-47.8776  -136.216  -573
-49.9021  -133.601  -562
-52.8457  -133.601  -562
-55.5908  -133.125  -560
-58.3149  -132.65  -558
-61.2375  -132.65  -558
-64.0452  -132.412  -557
-66.602  -131.699  -554
-69.3782  -131.461  -553
-72.0133  -130.986  -551
-74.6274  -130.51  -549
-77.6441  -130.748  -550
-80.8176  -131.224  -552
-83.1023  -130.273  -548
-85.6588  -129.797  -546
-88.0322  -129.084  -543
-91.211  -129.56  -545
-93.893  -129.322  -544
-96.5645  -129.084  -543
-99.7747  -129.56  -545
-102.818  -129.797  -546
-106.839  -131.224  -552
-110.127  -131.699  -554
-114.253  -133.125  -560
-49.6368  -138.436  -576
-51.831  -136.273  -567
-54.6075  -135.792  -565
-57.363  -135.312  -563
-59.8833  -134.35  -559
-62.8112  -134.35  -559
-65.5039  -133.87  -557
-68.2985  -133.629  -556
-70.9545  -133.149  -554
-73.4563  -132.428  -551
-76.0651  -131.947  -549
-79.372  -132.668  -552
-82.1142  -132.428  -551
-84.6917  -131.947  -549
-87.4077  -131.707  -548
-89.9485  -131.226  -546
-93.4882  -132.187  -550
-95.6681  -131.226  -546
-98.8888  -131.707  -548
-101.759  -131.707  -548
-105.393  -132.668  -552
-109.265  -133.87  -557
-112.183  -133.87  -557
-52.6537  -139.943  -576
-54.9941  -138.243  -569
-57.4649  -137.028  -564
-59.7762  -135.57  -558
-62.6989  -135.57  -558
-65.7391  -135.813  -559
-68.4213  -135.327  -557
-70.9545  -134.598  -554
-73.323  -133.627  -550
-76.0651  -133.384  -549
-79.0844  -133.627  -550
-81.9652  -133.627  -550
-84.8459  -133.627  -550
-87.5672  -133.384  -549
-89.9485  -132.655  -546
-93.4882  -133.627  -550
-96.0185  -133.141  -548
-99.4301  -133.869  -551
-101.945  -133.384  -549
-105.202  -133.869  -551
-108.677  -134.598  -554
-111.981  -135.084  -556
-56.4438  -143.415  -584
-58.3819  -140.714  -573
-60.3118  -138.258  -563
-62.8112  -137.276  -559
-66.0919  -138.013  -562
-68.667  -137.276  -559
-71.3387  -136.785  -557
-73.5896  -135.557  -552
-76.4808  -135.557  -552
-79.2282  -135.311  -551
-82.2633  -135.557  -552
-85.1545  -135.557  -552
-87.5672  -134.82  -549
-90.6074  -135.066  -550
-93.8281  -135.557  -552
-96.7194  -135.557  -552
-99.9715  -136.048  -554
-102.316  -135.311  -551
-105.393  -135.557  -552
-108.677  -136.048  -554
-59.2637  -148.17  -597
-60.5095  -143.702  -579
-62.335  -140.972  -568
-64.7351  -139.731  -563
-67.6839  -139.731  -563
-70.131  -138.739  -559
-72.6667  -137.994  -556
-75.443  -137.746  -555
-78.3499  -137.746  -555
-80.9641  -137.249  -553
-83.7089  -137.001  -552
-86.2863  -136.505  -550
-89.1671  -136.505  -550
-91.8805  -136.257  -549
-94.756  -136.257  -549
-97.6315  -136.257  -549
-100.873  -136.753  -551
-103.571  -136.505  -550
-107.032  -137.249  -553
-110.724  -138.242  -557
-61.5404  -151.488  -604
-62.6686  -146.722  -585
-64.1596  -143.211  -571
-66.6799  -142.208  -567
-69.2812  -141.455  -564
-72.1072  -141.204  -563
-74.9227  -140.954  -562
-77.4507  -140.201  -559
-79.9472  -139.449  -556
-82.7103  -139.198  -555
-85.3087  -138.696  -553
-87.8862  -138.195  -551
-90.7722  -138.195  -551
-93.3182  -137.693  -549
-96.3689  -137.944  -550
-99.4301  -138.195  -551
-102.502  -138.446  -552
-105.202  -138.195  -551
-109.069  -139.449  -556
-64.0909  -147.999  -584
-65.8849  -145.212  -573
-68.285  -143.945  -568
-70.7582  -142.931  -564
-73.5816  -142.678  -563
-76.1227  -141.917  -560
-78.7734  -141.41  -558
-81.4033  -140.904  -556
-84.0122  -140.397  -554
-86.6001  -139.89  -552
-89.3292  -139.637  -551
-92.0478  -139.383  -550
-94.4108  -138.623  -547
-97.4536  -138.876  -548
-100.69  -139.383  -550
-103.759  -139.637  -551
-107.226  -140.397  -554
-63.2042  -151.064  -590
-65.0585  -148.247  -579
-67.2679  -146.455  -572
-69.8954  -145.687  -569
-72.6195  -145.175  -567
-75.056  -144.151  -563
-77.5892  -143.383  -560
-80.2348  -142.871  -558
-82.8594  -142.358  -556
-85.463  -141.846  -554
-87.8862  -141.078  -551
-90.7722  -141.078  -551
-93.4882  -140.822  -550
-96.1937  -140.566  -549
-99.4301  -141.078  -551
-102.502  -141.334  -552
-105.966  -142.102  -555
-64.9461  -149.504  -578
-67.5031  -148.469  -574
-70.1411  -147.693  -571
-72.7476  -146.917  -568
-75.056  -145.624  -563
-77.4507  -144.589  -559
-79.9472  -143.813  -556
-82.7103  -143.555  -555
-85.3087  -143.037  -553
-88.0457  -142.779  -552
-90.7722  -142.52  -551
-93.4882  -142.261  -550
-96.3689  -142.261  -550
-99.4301  -142.52  -551
-102.688  -143.037  -553
-106.73  -144.589  -559
-66.3449  -150.755  -577
-68.8861  -149.71  -573
-71.7619  -149.449  -572
-74.1044  -148.142  -567
-76.5305  -147.097  -563
-79.0558  -146.313  -560
-81.4033  -145.268  -556
-84.1638  -145.007  -555
-86.757  -144.484  -553
-89.6534  -144.484  -553
-92.3825  -144.223  -552
-95.1012  -143.962  -551
-98.5207  -144.746  -554
-101.788  -145.268  -556
-67.6207  -151.737  -575
-70.2639  -150.945  -572
-72.8757  -150.154  -569
-75.3227  -149.098  -565
-78.0049  -148.57  -563
-80.3786  -147.515  -559
-82.8594  -146.723  -556
-85.6173  -146.459  -555
-88.5242  -146.459  -555
-91.2664  -146.195  -554
-93.6582  -145.404  -551
-97.0698  -146.195  -554
-100.152  -146.459  -555
-67.8559  -153.775  -577
-70.3867  -152.708  -573
-72.7476  -151.376  -568
-75.3227  -150.576  -565
-78.282  -150.576  -565
-80.8099  -149.777  -562
-83.3064  -148.977  -559
-85.9258  -148.444  -557
-88.6837  -148.178  -556
-91.5959  -148.178  -556
-94.1681  -147.645  -554
-97.4202  -148.178  -556
-72.8757  -153.131  -569
-75.456  -152.324  -566
-78.1434  -151.786  -564
-80.8099  -151.247  -562
-83.3064  -150.44  -559
-86.2343  -150.44  -559
-88.8432  -149.902  -557
-91.5959  -149.633  -556
-94.678  -149.902  -557
-76.1226  -155.164  -571
-78.4205  -153.805  -566
-80.8099  -152.718  -562
-83.4555  -152.175  -560
-86.6971  -152.718  -562
-89.6407  -152.718  -562
-92.0901  -151.903  -559
-79.9028  -155.286  -566
-82.1353  -153.914  -561
-85.0737  -153.914  -561
