1473
58.1855  70.6702  -6.30186
60.4699  70.1934  -6.85063
71.5599  80.7665  -6.53144
67.6839  81.7822  -2.10075
58.571  71.7828  -2.83758
-18.1563  17.1985  8.89857
-16.8982  24.0102  11.271
-9.11988  26.9332  14.65
-8.12235  20.2924  13.4309
-19.258  34.4307  13.8592
-10.0343  34.5194  15.8919
-20.5706  40.603  13.9995
-23.1285  47.2269  13.3516
-15.0975  46.2874  15.2243
-13.2834  39.5807  15.4732
-24.7115  54.0378  12.9663
-16.6347  52.2548  14.5198
-25.7215  59.337  12.5131
-18.7561  58.8628  14.1363
-32.9947  86.4057  9.12356
-29.2749  91.6667  10.6385
-26.6753  84.896  13.0016
-30.4004  81.8436  11.16
-0.887873  26.9331  14.4341
3.70572  33.1344  11.9456
6.39591  33.6363  12.1769
4.40318  27.5888  14.4497
-4.50621  36.9286  14.3486
-1.44781  40.9184  12.0836
1.12049  35.7053  11.4693
-3.06603  32.0254  14.3962
-2.78279  47.6667  11.0252
1.07158  45.3351  9.62378
-3.69136  44.5948  12.4596
-11.2522  57.7013  12.3823
-4.81273  58.763  10.0645
-2.97847  51.5956  9.20876
-8.2464  50.1971  12.2116
-20.3972  82.1598  12.0681
-22.9679  88.8462  7.97326
-17.3684  87.0895  8.48131
-15.7097  84.4335  11.7182
10.1738  64.0655  3.99827
5.51467  64.4492  5.61485
4.84936  70.3062  6.7611
9.76592  71.9764  5.16171
-5.56751  94.3467  3.61054
0.110381  89.2405  5.15525
3.51167  95.5238  8.04433
-2.5426  89.6441  8.10901
14.9831  65.0838  2.94779
14.3432  69.6404  4.13044
20.9748  73.5947  4.00924
21.6074  69.7112  2.42263
8.71926  97.957  6.33252
9.39282  91.4712  7.89701
35.4114  79.1459  0.707956
29.8935  76.9932  2.16258
28.6295  79.2557  4.34819
33.3895  79.6183  2.50364
28.2522  99.3814  6.896
28.5801  92.1893  6.90701
22.282  90.1823  6.79606
21.9263  99.3232  5.48824
-26.934  64.5149  12.3635
-25.9596  67.254  13.3865
-21.7722  68.2203  13.8455
-20.7203  64.8125  13.8483
-13.7356  64.3612  12.5035
-14.8904  67.2862  12.3523
-8.2867  69.7766  10.3754
-8.31291  65.7783  10.7886
2.37181  76.1373  7.80475
7.36834  78.5252  7.0805
8.38684  76.3033  6.60787
3.27623  73.1286  7.63195
12.8464  78.6257  6.52395
19.3313  80.2337  6.74071
20.2513  78.6544  5.93383
13.5978  75.4293  5.67179
2.41758  51.3237  7.23283
5.42359  49.4941  6.12132
3.18002  48.1201  7.59403
-0.0707083  49.6858  9.02448
8.4009  47.2902  5.10048
5.58173  44.5294  6.5663
9.72545  41.5213  5.83496
8.02784  42.2885  5.80291
11.2646  46.7199  4.10926
13.1295  46.7119  4.11542
36.0842  77.4975  0.124037
36.6382  75.3303  -0.454106
30.6611  73.2185  1.42137
30.5048  75.408  1.42339
22.0042  68.2277  2.09106
21.1414  65.6707  2.185
14.5781  61.5068  2.88323
15.3187  63.4772  2.86304
8.97459  60.0668  4.6671
7.58631  61.9066  4.9874
11.2799  62.3905  3.81883
11.5206  61.2298  3.76714
-3.69228  49.6243  10.5215
-0.151351  51.6965  8.03494
1.85138  80.4445  7.89858
6.3718  83.8479  7.6564
-16.651  71.2489  12.4733
-10.7976  74.2458  10.9846
-28.8949  71.7759  12.0712
-23.3436  72.9788  13.8707
-7.6085  45.61  13.5394
-6.94658  40.8935  14.4029
15.9483  89.5005  6.72197
16.7169  99.2748  4.39882
8.10828  52.845  4.7812
5.30801  55.0558  5.89562
11.4964  57.4476  3.66874
15.6925  57.7083  2.40319
11.3466  51.385  3.72219
19.987  58.6067  0.77779
14.4073  51.0532  2.83927
23.9717  59.5599  -0.0230463
16.557  50.9825  2.81795
3.94136  40.9594  8.89455
6.19957  38.4083  8.52259
7.7461  37.3408  8.83605
3.34223  55.7835  6.317
0.669196  57.113  7.37835
0.472882  65.1437  8.38138
-2.37662  69.3721  9.0802
-2.13078  73.0359  8.72409
-3.91506  77.2593  9.21058
-9.84786  87.0011  10.1419
-11.0859  93.5541  6.9105
28.3434  85.2413  5.9449
31.5726  80.6071  3.89011
37.4449  71.5033  -3.31317
31.6737  67.8144  -1.15793
-22.421  16.098  2.27743
-21.672  22.5048  4.25846
-24.5995  32.4086  6.46046
-25.6094  40.21  7.96397
-28.2445  49.1231  7.78012
-29.6246  56.159  7.97605
-30.4329  61.5756  8.66136
-32.1921  68.0274  7.79794
-33.8241  79.3274  6.7048
-36.5978  88.5198  5.98017
-22.981  13.2932  -3.37654
-21.813  21.3495  -3.58729
-24.9916  31.7822  -1.62637
-26.049  38.7339  -0.0694942
-28.4134  47.2471  0.956907
-30.0058  54.781  1.70448
-31.5069  62.0436  2.78184
-34.9975  81.1326  0.0444126
-37.2794  88.7661  1.45336
-33.5209  71.0064  2.79008
-20.3747  14.4296  -8.89878
-18.587  22.6882  -9.91236
-21.0001  30.5824  -7.94277
-23.2003  38.6943  -6.67107
-25.5079  46.898  -5.5249
-27.1573  53.9317  -4.45364
-29.0372  61.6839  -3.51044
-32.1132  81.7329  -4.32583
-34.8006  89.5152  -3.53846
-31.3581  71.5258  -2.7259
-15.619  14.6815  -13.6356
-8.11252  15.9198  -17.0148
-8.20021  24.6157  -16.8296
-13.5763  23.6013  -14.2869
-10.3454  30.1768  -14.9985
-15.431  29.4383  -11.8429
-12.8586  38.3462  -14.2365
-18.6153  39.1295  -11.4688
-15.3142  47.202  -13.7179
-16.9672  54.4064  -12.5891
-22.3741  54.1414  -9.30847
-20.6998  46.9999  -10.5473
-20.0861  65.6139  -11.6101
-25.5279  62.994  -8.33433
-28.1196  82.589  -6.90998
-23.1695  84.079  -9.21883
-24.9359  91.3096  -6.48036
-30.6729  91.215  -6.64092
-26.3341  72.5633  -8.06851
-20.7639  75.2049  -10.8176
-11.3163  81.2035  -15.6839
-12.7228  90.8945  -13.8798
-19.5018  91.5539  -9.21384
-16.9428  81.2067  -11.9766
-4.52051  73.2789  -16.9827
-5.90521  84.4393  -15.5586
-10.1423  70.6717  -16.1709
9.27532  15.0552  -21.2404
9.44611  23.6613  -21.9002
5.67769  23.6509  -21.3833
7.11466  19.5406  -22.0647
8.11076  31.288  -22.3856
3.5581  30.528  -20.7398
6.37954  38.5859  -21.7146
1.7898  38.2602  -20.2539
5.0456  45.446  -20.5235
4.46738  53.4555  -20.2699
-0.736167  53.7161  -19.3181
0.509886  46.4049  -20.0732
3.64539  60.9945  -19.3025
-2.06982  58.6099  -17.4378
0.801861  81.2179  -16.0419
0.251842  90.9229  -12.7213
-4.75648  87.9599  -12.8113
2.50902  69.5715  -17.7767
15.2696  15.5024  -20.7193
13.785  23.2689  -21.693
12.93  30.8844  -22.4419
11.8847  38.9231  -22.9805
10.359  45.4807  -22.8753
9.97139  51.3185  -21.0339
7.75  56.6322  -19.4678
7.90294  82.1995  -19.619
7.49056  92.0685  -17.7211
7.97216  67.4843  -19.192
20.4823  16.465  -20.2216
19.5542  22.5232  -20.5794
18.7113  29.923  -21.6658
17.8441  37.9102  -22.3628
15.4309  45.1221  -22.4242
16.5205  51.8056  -21.465
14.4786  60.8027  -20.9204
13.9743  82.0978  -17.0678
14.4646  92.3803  -13.5836
13.6917  71.15  -18.5136
24.1314  17.9019  -19.2523
28.6202  16.8687  -16.5899
30.929  20.8078  -15.7961
25.836  22.595  -18.4907
32.1815  24.8913  -16.9161
25.5109  28.113  -19.9255
34.1145  32.2517  -18.1874
25.1713  35.5954  -21.1307
23.179  44.0174  -22.2692
32.2389  43.4609  -21.7022
32.3823  52.0679  -20.7379
24.2577  53.43  -21.9793
30.9414  60.7259  -19.6042
23.088  61.6058  -20.715
21.483  81.541  -14.9615
30.0462  82.4736  -15.6074
28.8623  91.3666  -13.9992
22.1554  96.8713  -12.3196
29.5192  71.9789  -17.2559
22.8379  74.4996  -19.1562
38.8574  16.4419  -3.28497
41.9889  22.4482  -2.27851
41.0639  21.239  -5.67287
39.0182  17.1402  -7.38876
47.0509  28.3949  -2.27326
45.3678  27.2319  -4.85564
41.3203  26.263  -12.8576
46.9958  33.9094  -11.5841
43.0622  42.581  -19.5268
43.8682  54.9232  -20.5241
34.3157  83.8236  -11.0234
32.4653  87.7908  -9.81056
35.6752  74.6916  -13.2473
40.868  66.0795  -18.6469
30.4646  61.1192  -1.82016
31.2913  63.418  -1.47208
37.5457  68.174  -3.27041
35.8648  64.028  -2.11348
11.3089  41.2765  6.3805
9.66098  36.6284  9.80872
15.2088  46.9213  4.97415
8.3477  32.3453  13.274
7.74828  26.5355  14.7308
25.3868  58.0041  0.331722
18.7491  50.5915  3.45707
14.2907  41.5069  4.64496
13.1992  36.4604  10.1118
19.0155  47.6446  3.51468
12.2912  31.4782  13.9846
11.4885  25.2854  15.0135
26.7586  57.6037  0.252946
18.8961  41.8041  5.53473
17.5454  36.8581  10.341
24.4089  50.4437  3.50661
16.7077  29.738  13.4892
15.2486  23.1973  14.2219
24.064  41.1547  9.0259
22.7199  35.6723  12.2679
28.9599  57.942  0.688331
33.4526  58.6692  2.9716
28.3877  49.6157  6.37352
22.9879  28.4251  14.1055
20.3019  23.4402  13.6498
-32.5782  89.5816  9.44199
-30.7326  94.6835  9.71396
-27.1481  97.1249  7.21453
-37.0798  91.6974  6.57735
-38.657  92.3577  2.24797
-37.5909  94.7171  -2.71464
-30.0982  98.2677  -5.54176
-32.7618  92.5466  -5.65177
-34.9076  93.3413  8.75674
-31.1486  96.6217  9.17822
-29.2717  104.032  6.49102
-38.5464  93.9991  5.4268
-39.3808  94.6345  1.48687
-39.1005  97.7043  -2.6862
-30.6264  97.4273  -4.59376
-35.0949  97.6272  -5.23208
-38.723  105.301  9.93846
-35.0655  107.137  9.93345
-31.7239  108.896  7.36545
-42.84  105.624  6.66591
-43.1779  104.267  1.05615
-41.2957  105.586  -3.76606
-33.3707  104.027  -4.24994
-36.6722  103.387  -5.29108
-41.7069  111.519  9.44007
-37.4682  113.769  9.78316
-35.0649  115.836  7.9441
-45.9959  111.376  6.10611
-46.5309  114.041  -1.53488
-47.7131  113.055  2.87466
-46.1901  110.268  1.83409
-44.3651  110.784  -2.57863
-37.3296  114.185  -3.90974
-40.5194  111.136  -4.7603
-24.9373  98.6391  1.80825
-26.6571  101.008  1.97083
-27.8971  103.69  1.55086
-29.4896  107.147  2.80311
-33.1279  116.464  3.81479
-27.8936  101.265  -2.19786
-25.7748  97.6319  -2.71848
-29.3768  103.42  -1.863
-31.1532  107.609  -1.28043
-34.1433  115.88  -0.643263
-44.3987  113.754  8.47488
-39.4774  115.965  9.37331
-35.288  118.002  6.61989
-47.0175  112.975  6.06855
-34.0578  118.999  3.36964
-43.8331  116.682  9.23818
-40.4506  117.888  9.68612
-37.6453  119.609  8.07314
-47.4658  115.234  6.17612
-48.6276  116.735  1.01593
-48.2843  116.253  4.66229
-48.5109  115.711  1.81708
-47.1128  117.402  -2.18632
-46.5405  116.1  -2.04839
-42.9644  115.584  -4.23718
-38.7087  118.527  -3.39893
-40.1988  122.003  -3.38404
-44.0223  120.113  -4.14187
-35.5603  121.102  3.73609
-35.1143  119.284  0.338305
-37.1437  121.918  -0.595387
-46.1903  118.018  7.9819
-41.7241  119.288  8.97025
-38.1015  121.385  6.43957
-37.0827  123.381  2.48814
-46.6645  123.699  8.10398
-43.1324  125.161  8.23871
-41.308  128.377  6.29739
-49.8907  122.524  5.81592
-51.0171  123.119  1.42319
-49.5826  124.593  -2.53275
-41.5091  120.617  -3.67074
-43.1123  126.789  -3.37957
-46.5045  125.008  -3.8966
-44.2453  117.661  -3.76506
-39.8546  129.456  2.48826
-37.6045  119.568  -1.05981
-41.7714  131.373  -1.2352
-49.5659  126.874  7.14271
-45.3225  128.982  7.94286
-42.3107  131.731  6.0353
-51.9019  125.804  4.63928
-52.9328  127.86  1.50085
-51.2989  128.408  -2.07777
-45.3155  133.426  -3.28634
-48.6899  131.239  -3.84411
-41.1828  132.974  3.42926
-42.5031  134.699  -0.316147
-49.5948  131.168  8.03934
-46.5032  132.188  8.42826
-44.2145  134.26  7.12532
-53.2833  130.504  5.21913
-54.3939  131.732  1.44128
-52.3712  132.116  -1.8671
-46.1896  136.282  -2.87804
-49.072  133.994  -3.63166
-42.5273  136.257  3.34289
-43.9666  138.325  -0.574561
-53.5924  137.627  7.83273
-49.0864  139.141  8.48328
-45.3064  140.295  6.32004
-56.0999  137.66  5.3846
-56.353  136.703  2.55962
-55.0132  136.664  -0.677516
-47.2486  140.609  -2.45596
-50.8572  137.438  -2.94612
-44.9274  142.625  2.48921
-45.7261  142.746  -0.874289
-54.1424  143.771  8.16924
-51.2147  145.069  8.59024
-48.2094  145.765  6.5465
-56.9768  142.995  5.69755
-57.8917  141.601  2.77507
-57.1875  141.014  0.16323
-50.71  143.148  -2.39251
-48.55  137.879  -2.01618
-50.7734  138.112  -1.63983
-51.795  141.575  -2.32254
-47.4965  147.856  2.789
-47.1428  146.648  0.0170399
-48.3356  145.237  -1.95123
-48.6475  145.441  2.4983
-48.0351  143.214  4.69452
-50.2837  141.433  6.57104
-53.0271  147.624  4.22106
-53.7437  141.469  6.11277
-54.7547  141.518  4.08183
-54.0198  149.563  1.43339
-55.3713  148.794  -0.659437
-49.6492  146.152  -0.886939
-48.2933  146.09  0.621955
-55.7808  140.948  2.18491
-55.7676  139.392  0.624011
-22.552  98.1113  3.12769
-23.1524  97.2254  -2.48107
-52.9644  138.429  -0.534476
-54.8681  142.197  -1.02092
-53.4912  146.827  -0.997052
-49.4791  141.586  -2.76514
-51.5867  139.154  -2.95709
-49.4821  144.416  -2.11869
-54.9252  148.406  -1.66384
-50.6779  145.175  -1.54958
-54.4858  139.187  -0.349257
-56.4455  141.89  -0.664546
-54.4364  139.135  -1.69984
-50.1918  142.669  -2.40522
-52.1007  140.43  -2.38524
-48.6327  139.982  -1.90362
-54.6149  147.333  -0.991349
-50.9604  145.46  -1.1532
-53.9197  138.178  -0.194339
-55.9064  142.41  -0.5122
-54.7015  140.521  -1.26503
-53.5325  140.963  -1.7289
-50.8335  144.363  -1.42016
33.3798  96.6841  4.37982
31.7894  86.248  4.54499
-7.9128  63.7118  -17.7818
-5.82232  52.7507  -17.8618
-4.21045  46.0956  -18.7734
-2.49509  38.6824  -19.3195
-0.694665  30.4295  -19.4322
1.25706  22.7991  -19.5926
3.68698  16.7545  -20.6335
-17.6432  95.9452  4.66284
-12.5126  101.516  4.42614
-7.76732  100.738  1.34642
-22.2058  101.317  0.36071
-21.6414  98.4373  -5.9606
-18.9221  94.3945  -10.0242
-9.6656  92.5917  -11.4535
-15.2118  91.7178  -12.0551
-17.8777  103.372  4.14783
-11.5457  100.9  3.8842
-8.01782  107.62  0.951724
-22.7256  106.795  0.111699
-22.5506  105.393  -5.58509
-19.1417  101.648  -10.8883
-14.3093  97.259  -12.4442
-10.6912  99.8369  -11.2803
-20.0104  108.143  3.80099
-14.5307  103.915  4.79843
-9.57661  108.05  2.44401
-23.1406  110.697  0.264011
-23.2215  109.901  -5.34009
-19.4863  104.134  -10.2581
-11.8228  108.397  -11.4507
-15.8171  105.114  -12.5909
-21.1198  117.731  3.05285
-15.9637  121.464  4.35377
-11.379  123.004  2.00874
-24.0433  114.884  -1.65394
-23.8064  125.82  -10.2939
-25.8586  125.482  -6.07017
-24.5626  118.641  -6.34235
-21.8793  118.323  -10.8081
-12.7456  116.461  -11.3295
-17.1138  114.724  -12.6135
-6.1928  109.283  -3.45306
-4.91389  106.522  -3.01295
-6.79929  111.949  -3.13407
-7.67242  115.426  -2.71141
-9.11128  124.166  -3.05354
-6.73759  103.001  -8.27468
-4.36352  96.089  -8.30645
-7.71347  108.784  -8.24682
-8.31007  111.357  -7.64749
-9.45082  119.79  -7.66143
-20.7349  125.301  3.14325
-15.9505  126.347  3.6559
-12.0307  128.19  0.997191
-24.8206  123.658  -1.19789
-9.52586  128.382  -3.40524
-22.3982  130.55  1.90678
-17.2324  129.975  3.16679
-13.5754  133.073  1.50153
-25.8404  130.732  -2.24719
-26.0476  139.026  -8.25298
-26.347  138.138  -3.49029
-26.0702  131.516  -7.12662
-23.601  132.632  -11.248
-23.3843  140.122  -11.928
-18.7986  126.797  -12.7026
-13.2381  127.935  -11.2853
-15.5705  134.842  -12.2876
-20.1633  134.389  -13.0302
-10.6899  133.059  -3.24264
-10.147  128.578  -7.17595
-11.7152  134.156  -8.60671
-23.4093  138.44  0.898361
-18.141  136.413  2.43683
-14.064  139.592  0.240826
-12.1663  142.064  -4.69826
-23.0251  144.725  1.03636
-18.8816  143.084  1.69659
-14.7578  142.703  -0.422608
-25.4267  141.187  -1.81564
-25.3481  136.795  -6.32897
-23.9641  138.914  -10.3082
-15.9956  137.469  -12.0321
-16.2908  145.181  -11.6807
-20.7069  143.355  -12.4965
-18.7654  134.238  -12.6717
-12.6926  143.184  -4.34902
-12.852  135.508  -9.28091
-13.0298  141.907  -8.28076
-23.4608  145.646  0.270276
-19.0955  145.174  1.19418
-15.6816  149.704  -0.607237
-26.5152  146.6  -3.01802
-27.4731  148.903  -6.77626
-24.916  146.825  -10.3775
-16.3198  153.932  -11.3351
-20.7654  151.151  -12.5045
-13.8411  153.591  -4.0617
-13.8652  154.517  -7.97308
-25.1593  154.751  -0.257641
-20.1276  152.969  1.00733
-16.2243  155.828  -0.851304
-28.1297  154.674  -4.12986
-28.0271  155.823  -8.1909
-25.3262  157.092  -11.5052
-18.4293  158.593  -12.2218
-21.9932  158.087  -12.8917
-14.2102  157.917  -5.00746
-14.9835  159.253  -9.3454
-26.3505  165.79  -0.215844
-20.8362  163.141  0.550766
-16.2343  164.503  -1.97584
-28.8749  163.632  -3.0747
-29.3724  163.414  -6.86031
-27.3946  163.328  -10.1114
-17.5839  164.126  -11.3779
-22.436  162.248  -12.1543
-14.6509  165.238  -6.16278
-15.3453  166.067  -9.28616
-26.5863  171.476  -0.364821
-22.6608  171.985  0.200835
-18.2327  170.967  -1.06709
-28.9373  171.333  -3.13591
-29.9125  170.204  -6.52535
-29.0916  169.798  -9.11593
-21.226  167.565  -11.052
-19.4953  164.038  -10.2046
-23.0474  169.125  -10.566
-23.168  166.762  -11.0032
-16.1529  172.059  -4.92059
-15.8592  171.713  -8.52239
-17.3423  170.804  -10.675
-17.3724  169.828  -5.10633
-18.4042  167.076  -2.5235
-21.8075  169.212  -1.53582
-22.3568  175.512  -4.63219
-24.797  167.148  -1.69862
-26.5486  169.592  -4.38325
-24.2711  177.332  -7.99769
-23.9924  176.616  -10.5897
-18.4965  170.429  -9.58309
-17.6974  170.612  -7.37747
-28.1179  169.231  -6.35758
-27.4419  168.804  -8.59814
-25.091  166.922  -9.62582
-24.7226  162.525  -9.65862
-23.8889  173.496  -10.6023
-19.6187  166.282  -11.8126
-22.9428  164.577  -11.9319
-18.516  170.098  -10.8895
-23.865  175.88  -11.3544
-19.2658  169.222  -10.3598
-26.1857  168.082  -9.78028
-27.5573  169.439  -10.1356
-25.7116  164.894  -11.1808
-19.8407  168.029  -11.0739
-22.0873  165.849  -11.5023
-18.8512  167.55  -10.4119
-23.235  174.689  -10.9139
-18.9301  168.137  -10.2789
-25.6485  167.972  -9.62806
-26.0787  165.849  -9.50213
-25.1972  166.706  -10.641
-24.721  167.465  -10.5742
-20.0562  167.644  -10.3262
-2.39679  105.632  -0.078146
-2.37018  99.3261  -6.30969
-15.1971  72.8525  -13.5682
3.1227  100.481  3.68824
8.80269  103.394  4.69033
13.7953  104.399  3.13181
-1.11163  108.245  -0.631207
-1.69265  102.81  -5.41216
0.615405  99.0795  -10.8351
12.2963  97.994  -11.684
6.87468  101.694  -15.1754
2.61893  108.13  3.29738
8.58679  105.266  4.4355
14.1531  111.274  2.19719
-1.00797  110.677  -0.703858
-0.786953  109.673  -6.75774
3.28689  105.551  -13.1616
12.4833  105.197  -12.4785
7.60977  96.5947  -13.6686
2.3391  114.143  3.41192
7.87753  113.667  5.03938
13.0447  116.234  2.77418
-0.543233  115.534  -0.71677
-0.250223  117.495  -6.78845
2.5418  111.005  -11.5105
12.2724  113.899  -12.1875
7.51935  110.712  -14.1449
4.21215  129.486  3.74736
9.51688  130.006  4.66483
13.1941  132.238  2.55586
-0.263159  127.911  -1.68026
1.58716  135.727  -11.0183
-0.980896  135.254  -6.26262
-0.320807  130.24  -7.90984
2.59711  128.332  -11.7879
12.5766  128.995  -12.1026
7.57002  126.499  -13.8462
16.7657  107.902  -2.67439
17.7478  104.847  -0.437369
16.7532  112.479  -3.44366
15.9023  116.345  -2.44948
16.3031  131.487  -2.21311
15.4149  105.289  -8.19779
16.9617  100.066  -7.17322
16.0084  111.272  -8.21095
15.0173  113.332  -7.57057
15.9783  130.047  -7.7768
3.03183  134.829  2.1924
8.6041  135.008  3.73214
13.6783  136.739  1.13148
-0.410044  134.966  -1.53836
16.618  136.484  -2.90368
2.2143  139.08  1.42231
7.77525  139.904  3.02688
12.6111  141.742  1.61231
-0.534977  140.554  -2.5249
0.562069  148.275  -8.91244
-0.0714047  148.809  -3.45407
-0.379719  141.363  -7.57868
2.73641  142.02  -11.8874
3.73147  148.171  -12.5995
7.43703  136.009  -13.2583
13.4582  136.304  -11.351
12.0755  142.372  -12.1557
7.33597  143.82  -13.584
15.8606  140.938  -2.57964
16.3725  136.444  -6.86239
15.4694  141.903  -8.11813
2.98111  146.018  1.20809
8.12058  148.247  2.36389
12.6369  148.493  0.610112
15.1486  148.565  -3.63263
3.51669  147.971  0.689521
7.98963  146.642  1.61618
11.6452  150.165  -0.159076
0.334891  152.167  -2.78462
0.090947  150.948  -7.26943
2.7176  148.415  -11.2418
10.6668  148.423  -12.7651
10.833  149.632  -11.526
6.61624  146.14  -12.6904
7.13365  148.274  -13.7691
14.2019  152.128  -4.18021
14.3099  149.496  -8.80752
13.8479  153.459  -8.36027
3.15748  158.602  0.00833412
7.5712  158.01  1.14135
11.7725  159.403  -0.582221
0.117685  159.182  -3.63522
-0.217238  160.665  -7.51832
1.83387  160.921  -11.0639
12.0515  161.565  -11.4156
6.78324  161.061  -13.0354
14.3976  160.129  -4.48269
14.4282  161.695  -8.25412
2.94374  163.935  -0.191453
7.40764  162.697  1.01502
11.7138  164.452  -0.723749
-0.0743231  164.687  -3.91265
-0.0281391  166.06  -8.55799
3.08374  165.952  -12.2668
10.7126  166.941  -12.2374
6.61466  166.245  -13.3907
14.3375  165.351  -4.8487
13.984  166.263  -9.04085
2.07405  171.141  -0.81405
6.99692  172.147  0.432335
12.1403  172.768  -1.86283
-0.477714  172.868  -4.23671
-0.828605  172.789  -8.2255
1.28435  170.786  -11.1136
11.3257  172.227  -11.9973
6.38635  169.622  -12.9645
14.2541  172.943  -5.92455
13.5688  172.83  -9.75614
2.49623  172.979  -0.709255
6.22884  171.069  0.479978
9.51132  171.042  -0.860882
-0.511593  179.673  -3.95379
-1.32835  178.501  -7.28627
-0.136458  177.348  -10.0816
12.7106  176.724  -4.48441
13.7341  179.321  -8.48292
12.3722  178.288  -11.0343
10.3  181.724  -5.22575
9.47807  180.828  -2.76431
6.05849  180.761  -1.10953
5.76346  185.875  -4.01936
2.15347  179.089  -2.25716
1.03685  179.044  -4.49717
5.60937  186.208  -7.65461
5.53293  184.059  -10.5512
10.5849  176.421  -9.51232
11.6646  178.431  -7.50128
-0.349089  176.087  -6.58981
0.439302  174.817  -8.68244
9.67669  173.733  -12.5767
5.84074  171.883  -12.9054
11.0715  178.739  -11.7311
5.51376  181.15  -11.4655
9.55649  177.265  -10.8471
1.51436  176.935  -10.1205
1.10215  177.298  -10.9481
2.4684  173.009  -12.0112
9.27165  175.19  -12.0872
6.75681  173.105  -12.4352
10.4126  179.044  -11.3902
5.5327  180.065  -10.6929
9.78017  177.44  -10.7363
1.64553  176.396  -9.76994
1.69275  178.626  -10.5554
3.4933  173.933  -11.7883
6.22864  174.104  -11.613
3.59119  175.534  -10.9884
2.60414  176.88  -10.0953
5.54529  178.89  -10.4587
8.52918  177.109  -10.6121
8.41186  175.411  -11.4815
-13.4779  64.8478  -15.3692
-11.0926  54.3542  -15.913
-9.02359  45.7157  -16.3875
-7.18564  38.4889  -17.1497
-5.06908  30.6867  -17.8793
-3.19917  23.0434  -18.5125
-1.66664  14.7008  -18.9037
19.548  104.714  0.868033
20.0194  102.436  -5.74231
23.104  104.954  3.88786
29.4478  101.655  5.89386
35.1608  100.844  3.82578
20.0995  106.124  0.161272
20.747  106.586  -4.85072
23.2706  103.592  -11.2366
34.4231  97.9023  -10.3547
28.0008  94.4944  -12.8902
24.3157  110.812  4.14067
27.7137  104.383  6.05813
34.7501  106.438  5.07547
21.3094  109.496  -0.901047
21.8252  108.414  -7.8357
23.6134  105.389  -11.4655
35.4861  105.369  -9.56378
28.631  102.547  -12.0095
26.8502  118.833  5.0081
32.8636  120.688  7.07772
38.2337  122.702  6.15364
23.7624  118.318  -0.0350315
24.1973  118.611  -5.81376
27.1032  118.277  -10.9533
38.8725  120.825  -9.04236
33.5071  120.305  -11.4785
30.2121  130.641  5.32208
35.3107  130.25  6.70089
39.9157  130.9  4.84496
26.4151  130.216  0.847454
31.1731  136.831  -9.33899
27.5793  135.671  -5.53955
26.1788  130.337  -4.4057
30.0118  129.943  -9.42056
40.2008  129.508  -8.61084
35.8754  128.749  -10.7347
37.9973  101.701  -0.492679
36.9573  95.9278  -0.0935207
38.1468  105.615  0.338293
41.5033  122.424  1.50751
43.2538  131.817  0.607496
37.772  100.172  -5.88437
36.4382  92.6261  -5.31845
38.4334  106.001  -5.10234
41.593  121.173  -4.44511
42.9619  129.951  -4.13747
29.011  135.136  3.13687
35.1025  135.051  5.63158
41.2364  134.771  3.56805
26.5829  134.819  -1.332
43.8292  134.697  0.328922
30.789  138.104  4.09125
34.7826  139.147  5.49617
39.6286  138.386  4.62856
27.8619  138.769  -0.55329
29.1266  142.912  -5.61622
27.9279  140.344  -1.68955
27.9503  136.234  -5.77406
30.5474  134.114  -9.09821
31.6278  142.744  -8.67348
36.4817  134.79  -10.4694
41.677  134.758  -7.90885
39.183  133.004  -8.36556
34.8222  134.19  -10.0919
43.0895  136.61  0.415963
43.9074  134.686  -3.32587
42.2459  133.886  -4.51942
29.7862  137.674  2.97287
34.6256  137.902  4.8324
39.5085  138.591  3.25556
42.5717  140.13  -0.616051
33.7223  151.259  3.79102
37.9931  150.369  4.41024
41.8933  150.785  2.55303
30.6892  152.243  0.452
30.432  152.105  -4.30926
31.7177  145.797  -7.9375
39.6977  142.524  -9.12572
39.6674  143.773  -8.0814
35.6646  144.038  -9.52918
35.4859  142.336  -10.2206
44.3939  150.805  -1.14297
42.7399  142.168  -5.307
43.2323  148.068  -5.00265
33.4285  154.72  2.93035
38.1653  153.879  3.82035
42.6286  153.821  1.98243
30.916  155.721  -0.408792
30.902  156.808  -4.05451
33.2145  156.551  -7.62294
42.4115  155.677  -7.99874
37.6273  154.682  -9.49029
44.7665  154.477  -1.18566
45.0017  155.383  -4.69546
33.7439  158.469  2.94312
37.3554  157.051  4.03743
42.0274  157.28  2.6161
31.3026  159.598  -0.39873
31.628  160.849  -4.72255
34.2326  160.645  -8.09741
42.5572  160.358  -8.15679
38.0411  158.768  -9.34531
45.0587  158.226  -1.21411
45.0362  158.99  -5.2348
34.0203  164.655  2.67152
38.709  164.864  3.72242
43.4284  163.778  2.11155
32.1266  166.137  -0.376954
32.0393  167.777  -3.89451
33.7116  165.527  -6.99758
43.3465  165.098  -7.86487
38.5414  163.639  -8.79826
45.6614  165.548  -1.57387
45.4227  165.146  -5.68779
35.5052  170.845  2.10874
39.3785  172.246  2.56558
42.8333  168.643  1.7804
33.403  172.4  -0.962364
33.0929  173.472  -3.51391
33.9443  172.491  -5.75004
40.977  169.061  -7.35303
40.1216  164.075  -6.19668
38.4723  167.486  -6.76746
39.1308  168.664  -7.5616
44.8597  169.216  -1.28706
45.6949  170.699  -4.2747
44.8543  170.647  -6.68157
43.5651  171.317  -2.4565
41.446  169.63  0.0129887
39.1083  172.758  0.361036
39.7665  176.067  -2.24015
35.7294  169.685  0.130531
34.1745  170.481  -2.09523
40.1715  177.85  -4.89392
40.5538  177.425  -6.47415
43.07  171.723  -5.60069
43.1606  172.76  -4.16374
34.651  171.35  -4.02239
35.6368  171.894  -5.58153
35.7695  166.165  -5.76817
35.9707  167.256  -6.38011
39.1483  173.429  -6.53584
41.9632  166.982  -8.16932
38.8099  165.974  -8.79287
43.7368  171.321  -7.05768
39.0834  176.358  -6.77149
42.1248  170.982  -6.39289
34.231  167.556  -5.70618
35.1853  172.307  -6.49555
35.854  167.707  -7.78019
41.9951  168.369  -7.53738
38.9989  167.459  -7.76801
42.1847  168.492  -6.52943
40.44  174.973  -6.72307
42.0378  169.872  -6.10042
35.4548  167.152  -5.85272
35.7726  171.613  -6.11766
36.287  169.267  -7.08056
37.6013  169.128  -7.26481
40.9124  169.744  -6.19653
34.5633  84.9778  0.740878
35.3328  83.2603  -5.05103
35.9519  81.7764  -0.111125
39.1307  79.8799  -6.5596
38.5146  80.8139  -0.847912
39.8399  80.8171  -1.07669
40.6786  79.0408  -1.95717
42.702  75.8765  -3.26507
47.9122  71.499  -8.83835
47.4948  70.0785  -6.10551
42.9986  71.1453  -4.80005
44.8325  75.4217  -5.9317
49.9102  69.1904  -10.9091
44.6335  70.5006  -14.0222
49.5344  58.6268  -17.1314
25.2113  85.4559  6.99686
26.7361  85.091  7.13492
19.858  83.633  7.19671
13.3544  82.1378  7.22686
64.11  68.5012  -8.46104
75.4181  76.6363  -7.79854
69.1378  64.1263  -8.46837
77.7267  72.1396  -6.74959
67.6394  67.066  -8.57732
59.9635  71.9964  2.55951
67.4013  81.3805  2.97141
62.4425  70.2297  7.11139
69.1141  78.8047  7.96889
66.1749  66.3641  10.0294
70.3312  72.8902  10.9495
72.8534  87.7384  -1.413
71.2678  87.1713  3.1772
73.104  85.4066  8.8901
76.4913  86.5521  -5.71518
79.7774  81.9758  -6.94409
82.4422  76.9269  -4.60417
79.0484  69.242  3.25313
82.6126  74.2695  5.61771
83.4191  73.969  -0.0405978
80.0627  70.2701  -2.58994
75.5104  80.6168  12.2915
76.0229  71.0977  9.44113
79.1588  76.5505  11.0879
75.8225  90.7103  -1.23187
74.0888  90.0072  4.86065
75.2159  87.9954  10.2074
79.5556  89.6289  -5.48602
83.1049  85.4376  -6.48246
86.0295  81.3513  -3.6496
85.3827  78.2759  7.82095
86.4517  77.6688  1.10646
77.7864  85.0966  13.1961
81.7291  80.8906  12.5511
78.886  93.6938  -1.08973
76.2474  93.1556  3.80561
77.1958  91.1724  10.2497
82.5225  92.6419  -4.79301
85.8338  89.2237  -5.93407
89.2432  85.7071  -2.68842
87.5392  82.7009  10.2583
89.1074  81.752  3.30278
80.5269  89.0091  14.3705
84.3208  85.6732  14.347
85.2012  97.6283  -0.133704
81.3345  97.2099  5.4314
83.2208  95.9848  11.9444
88.4893  95.4202  -3.63095
91.4787  92.4124  -3.75986
93.7733  90.2712  -1.26001
90.3976  87.25  12.6499
92.0139  86.0393  4.82516
85.8568  92.8721  15.4041
89.6867  90.7198  15.6658
90.1412  98.8828  0.998663
87.8238  98.8564  7.03502
85.196  94.564  12.3774
91.4483  95.5285  -0.940543
92.9289  92.6737  -1.10263
94.3459  90.8397  0.395197
94.2314  91.444  9.01557
93.5802  91.3983  10.306
93.276  90.4393  7.11969
92.9947  89.9606  5.00794
89.7465  94.6003  15.1016
93.974  93.8893  15.4837
94.3859  91.4563  14.248
93.9562  95.8909  13.7769
92.7347  98.7647  11.6802
95.0741  101.456  8.35268
98.3609  99.6688  8.6375
95.5561  101.101  4.16195
97.7189  99.4012  2.41506
100.65  97.25  8.75245
101.122  94.6604  8.44986
95.9311  91.9263  12.7168
96.0638  94.6629  13.0635
99.3614  97.7873  3.19167
100.382  96.0888  4.14782
69.5371  61.8755  6.84285
73.0015  60.984  0.00744884
72.2493  62.3593  -5.85184
97.0718  94.1093  5.43645
93.6963  90.9483  3.84616
97.2746  93.4695  7.97411
93.3287  88.6759  10.3191
93.8532  87.8725  4.81665
96.3074  91.9123  12.4814
100.741  93.458  8.10345
97.0963  91.3262  11.0551
99.3268  94.1649  4.09722
93.8569  89.487  1.1742
95.0534  89.9394  0.959626
94.0435  90.5049  10.2259
93.6733  89.3443  6.57942
95.0317  91.7982  11.13
98.8801  93.3295  8.01509
95.5206  91.1887  10.7905
98.0837  94.2675  4.77288
93.9635  90.4429  2.35241
94.4012  90.3372  2.49306
93.6553  90.7255  2.64259
93.9145  90.926  10.1725
55.6675  67.7971  -7.8502
58.2632  64.5535  -9.24748
66.9429  66.635  -10.1311
71.1344  64.2318  -9.17967
57.903  71.2889  2.13385
52.1593  67.3928  -2.26042
61.3279  68.4582  7.6418
53.4048  68.7624  -5.83254
66.5926  63.8447  10.3395
72.2861  60.3338  6.31834
74.5274  58.2161  -0.225308
73.6126  61.3105  -6.07157
51.7514  69.4459  -7.95515
54.0603  66.4728  -9.74738
57.7049  61.9963  -10.6323
66.1542  58.8084  -9.74812
48.6114  62.1162  2.24347
49.207  66.6139  -2.94239
58.3956  61.886  9.27127
56.5501  54.2924  11.0831
44.1642  53.7501  7.98146
64.6839  57.8239  10.1591
70.5882  54.2897  4.83747
72.3896  53.1786  -1.32123
71.7107  56.6022  -5.86015
44.3953  62.5178  0.737286
37.3712  55.9056  4.86969
41.2109  64.7626  -0.272914
35.57  49.8795  9.68235
39.3024  45.5043  11.0482
55.7658  38.8643  1.68002
50.9766  32.8437  -2.67163
49.772  30.8014  -0.763827
50.5399  32.6898  2.20494
53.2785  38.5295  -6.41125
49.6005  32.8868  -5.95609
51.3235  46.9311  -15.2586
46.6183  26.9982  -0.145513
45.1119  26.5537  3.17149
42.01  21.7754  0.331764
40.724  18.7345  0.487705
39.6436  17.2724  3.28987
40.2547  20.424  2.48711
50.6205  37.952  7.11847
46.8512  32.3359  6.96913
42.1384  34.5979  10.3116
48.5054  45.3039  11.1714
30.6961  39.9185  11.4652
29.6435  32.4412  13.2737
36.4818  36.8655  11.8896
36.2453  30.3158  12.1191
39.7325  28.706  9.56441
42.1833  26.7388  6.99406
28.5783  25.6509  13.4122
25.465  22.3139  12.8268
34.4594  25.4184  12.4648
30.988  19.1422  11.5496
39.3215  25.1472  10.1035
36.5628  18.8913  9.33208
39.9335  21.5663  5.99154
38.1916  16.8368  6.20713
61.3765  48.9172  8.23716
55.0971  49.526  -11.4981
67.0819  50.8368  -5.75179
49.9009  68.8845  -5.78578
-5.42732  16.5119  13.4566
-14.0072  15.3676  11.1761
-20.7749  14.0064  5.68206
-22.3173  11.9267  2.66821
-22.1948  6.16412  -6.86241
-23.6793  8.5112  -1.07123
-12.7568  -1.38881  -15.3479
0.758547  2.79408  -17.375
8.74325  0.334941  -17.0636
22.5042  8.52932  -17.0656
14.2486  20.4581  14.0285
10.9831  21.3825  14.7772
18.2192  20.7223  13.0945
0.0940817  20.6328  14.5717
-6.637  2.18836  -16.7329
34.293  9.53148  4.39075
37.3295  13.413  -0.0423199
33.3545  7.34729  -1.78349
22.6401  20.6806  12.403
27.3594  11.5363  12.9451
23.4356  10.3347  14.6416
31.0983  11.0562  10.7886
34.1252  11.8231  7.75608
-7.17462  13.3639  13.2798
-16.9134  12.176  9.52516
11.1028  17.4875  15.3531
6.56376  17.8536  15.5365
7.9477  22.4218  15.1582
15.4149  17.843  14.5426
19.5662  17.4816  13.3869
-2.25532  14.0583  15.1295
24.9933  17.4533  12.4704
19.7514  11.117  15.285
13.7333  11.5944  16.4332
6.36926  9.38959  19.1935
2.09054  10.506  18.5195
-10.0798  9.3311  14.8641
-4.14713  9.89757  16.7119
-17.5716  7.78774  11.306
-22.1434  8.31563  5.06722
26.8192  67.648  -0.0288615
52.0293  64.3397  -13.3984
45.6049  73.8271  -9.58133
46.7282  68.3922  -3.28992
42.4115  68.336  -3.185
23.2129  53.3181  1.59224
4.68575  21.7467  15.1348
1.65489  15.527  16.3994
-0.948593  11.1011  17.6757
2.72897  178.308  -10.395
9.29879  177.922  -11.2157
5.87178  178.324  -10.7308
42.2371  79.9959  -3.55106
42.5408  80.3837  -5.10107
-17.7446  7.1795  -11.9459
-12.5504  5.58183  -15.2028
34.581  10.8036  -8.10966
36.0498  20.2223  -12.6246
33.4445  16.5116  -13.5114
29.8542  10.6905  -13.1476
66.425  47.8564  1.15437
46.2986  29.9881  -7.21096
44.8522  26.935  -8.29168
39.2878  20.4316  -9.04061
36.9041  16.3802  -10.5642
33.9999  13.1375  -11.8507
10.7785  172.499  -10.2933
9.38448  170.872  -10.6645
8.92239  174.101  -11.1197
10.9132  176.463  -10.52
8.39064  180.012  -11.8386
10.7392  181.501  -10.8135
9.08626  183.984  -11.7176
11.0019  183.574  -10.7964
6.60356  170.734  -10.8818
6.02297  174.899  -11.4542
5.31059  179.715  -12.0791
5.47369  183.876  -12.1162
3.477  171.298  -10.2352
1.62728  172.523  -9.3488
1.06413  176.442  -9.5637
3.15246  175.28  -10.7658
0.56497  181.496  -9.72735
2.74264  180.446  -11.2773
0.219846  183.711  -9.62955
1.9531  183.743  -10.9777
10.3647  171.58  -11.0067
10.8282  175.053  -11.1933
8.77812  173.627  -11.9742
8.6581  170.509  -11.4235
10.8782  180.349  -11.5134
8.31304  179.631  -12.7351
10.9985  183.832  -11.5038
8.9665  183.846  -12.624
5.96485  174.555  -12.3314
6.62801  170.956  -11.6776
5.21181  179.455  -12.9854
5.37494  183.741  -13.0282
4.01397  171.008  -11.1046
3.14021  174.699  -11.6399
1.20572  175.018  -10.2715
2.01591  171.649  -10.1583
2.67698  179.999  -12.1947
0.612928  180.008  -10.5434
1.91896  183.473  -11.9079
0.17132  182.947  -10.3493
11.4351  175.517  -10.5222
10.841  171.743  -10.484
11.3512  181.267  -10.7357
11.2349  184.118  -10.9438
10.5466  185.408  -11.1498
8.3532  186.411  -11.9175
8.18683  187.116  -12.2591
10.5485  185.894  -11.4487
5.32876  186.933  -12.1559
5.27004  187.261  -12.5498
2.37795  186.093  -11.2633
0.56842  185.15  -10.0003
0.329986  185.417  -10.0685
2.38697  186.775  -11.6109
7.61753  186.52  -12.772
10.0654  185.834  -12.0079
5.26664  186.684  -12.936
0.546477  185.167  -10.6785
2.92654  186.222  -12.2819
-0.0750694  183.357  -9.68201
0.692232  175.32  -9.46416
0.134147  180.525  -9.61832
1.63349  171.679  -9.52419
3.57972  170.249  -10.4176
6.36679  169.924  -11.1447
9.02081  170.187  -10.9427
41.1727  160.081  -6.07208
39.0579  158.44  -6.52845
40.907  167.737  -7.05279
41.6248  161.538  -6.01915
39.674  164.987  -7.00638
42.7649  168.557  -6.11709
40.6069  169.298  -6.78212
43.1674  170.589  -5.9351
35.9824  157.946  -6.47312
37.6328  166.933  -6.90494
36.3614  164.487  -6.91176
36.5916  168.827  -6.70304
34.5031  160.11  -6.00438
33.8004  161.321  -5.86197
34.7795  168.891  -5.85982
34.5436  170.608  -5.57614
41.3199  160.706  -6.72106
41.9215  163.516  -6.95601
40.2425  165.342  -7.84508
38.7774  160.012  -7.36949
42.7003  167.751  -6.97101
40.52  168.606  -8.0884
43.2051  170.247  -6.67556
41.0558  171.433  -7.76924
36.974  164.312  -7.67389
36.2168  159.756  -7.26932
37.1004  167.879  -7.94768
37.0738  171.105  -7.66367
34.4028  163.253  -6.77219
34.5275  160.519  -6.63843
34.6095  168.218  -6.50807
34.5765  171.051  -6.15041
42.283  162.171  -6.21184
41.4735  160.042  -6.17904
43.2377  167.819  -6.1614
43.493  170.39  -6.06889
43.0082  172.469  -6.08996
41.3685  172.832  -6.69352
40.931  173.361  -7.01332
43.2432  172.65  -6.17133
37.7533  172.712  -6.72544
37.4924  173.345  -7.04757
35.1489  172.39  -5.76781
35.1183  172.798  -5.99535
40.5288  173.223  -7.50452
42.9077  172.412  -6.71976
37.803  172.814  -7.56208
35.5428  172.696  -6.62189
34.2787  171.222  -5.5881
33.5547  162.164  -6.02065
34.0933  168.906  -5.69832
34.2524  160.079  -6.12137
36.0818  158.461  -6.8406
39.138  158.542  -6.80764
-17.835  157.285  -9.27059
-19.9686  155.586  -9.60934
-20.5799  164.777  -10.512
-17.3771  158.009  -9.40722
-19.7111  163.096  -10.67
-17.893  164.469  -9.91061
-20.1619  164.825  -10.67
-18.1926  168.296  -10.0237
-23.5219  153.902  -8.93666
-24.3538  163.41  -9.86418
-23.7383  163.463  -10.3159
-24.5637  164.742  -10.1314
-25.2385  155.814  -8.24993
-25.9293  158.109  -8.36295
-26.7589  164.369  -8.88579
-27.2604  167.096  -8.93084
-17.9553  158.283  -9.92856
-17.6918  160.693  -10.2674
-20.4686  163.146  -11.2773
-20.3064  157.797  -10.5556
-18.2586  165.057  -10.7689
-19.9487  164.13  -11.6027
-18.1797  167.574  -10.6042
-20.5195  166.841  -11.6442
-24.0727  161.346  -10.6228
-23.0203  156.057  -9.96771
-23.8791  163.806  -11.2111
-24.9301  166.989  -11.1268
-25.8759  158.616  -9.24547
-25.3501  156.271  -8.88499
-26.7495  163.634  -9.51688
-27.4352  166.855  -9.44145
-16.9486  158.525  -9.45618
-17.6085  157.439  -9.3514
-17.5303  164.561  -10.0369
-17.8579  168.02  -10.1164
-18.8583  169.481  -10.3021
-21.3602  168.353  -10.9473
-21.0956  168.87  -11.3626
-18.6351  169.591  -10.4057
-25.2535  167.871  -10.3437
-24.7995  168.421  -10.8272
-27.2108  168.375  -9.21687
-27.3221  168.599  -9.47703
-21.4423  168.33  -11.7317
-18.8816  169.212  -10.8951
-24.4125  168.373  -11.3374
-26.8352  168.553  -10.1499
-27.697  166.942  -8.84656
-26.2679  156.954  -8.30954
-27.3111  163.621  -8.68909
-25.5227  155.763  -8.26891
-23.1908  154.622  -9.33339
-19.7191  156.048  -9.95426
-47.1849  137.56  -1.43246
-48.3695  135.734  -1.49259
-49.428  138.609  -1.70927
-47.987  141.025  -1.61274
-51.2686  143.198  -2.05706
-49.9571  145.672  -1.74584
-52.5085  146.887  -2.12206
-50.434  147.765  -1.78803
-50.8314  135.31  -0.900148
-52.3278  138.66  -1.14368
-54.2327  143.174  -1.41097
-55.7431  146.274  -1.2876
-52.6559  135.631  -0.0277387
-54.4068  138.688  0.0619639
-56.2217  143.41  -0.0655998
-57.2816  145.28  0.101775
-47.2389  137.476  -2.04532
-47.8083  140.324  -2.24962
-49.5842  139.15  -2.57315
-48.5043  135.921  -2.23463
-49.6825  144.334  -2.50028
-51.931  143.322  -2.99259
-50.6156  147.819  -2.43351
-52.7111  146.742  -3.0117
-52.8628  138.906  -1.90192
-50.4604  135.373  -1.78455
-54.3643  143.643  -2.52046
-55.8456  146.13  -2.19091
-54.3319  137.914  -0.559263
-52.7532  135.435  -0.614511
-55.8771  142.108  -0.885891
-57.3665  145.085  -0.589222
-47.4833  140.765  -1.86526
-46.8816  137.336  -1.6013
-49.3185  145.705  -1.8674
-50.3606  148.285  -1.98568
-51.2896  148.856  -1.97264
-53.856  148.756  -2.20904
-53.8462  149.166  -2.65606
-51.439  149.164  -2.27608
-56.5547  147.885  -1.37215
-56.3733  148.291  -1.8488
-57.5871  146.695  -0.206003
-57.7715  147.129  -0.505638
-54.0253  148.54  -2.96582
-51.9105  148.92  -2.7162
-56.0867  148.144  -2.35813
-57.5947  146.855  -0.959894
-57.7772  145.724  -0.0115449
-54.625  138.015  0.0124458
-56.6618  142.901  0.113836
-52.7291  135.128  -0.0705992
-50.5393  134.501  -1.1448
-48.2788  135.351  -1.8236
88.7092  85.6315  10.2529
88.3049  84.4351  7.08465
90.6889  85.9561  7.73548
90.8558  87.2969  11.6239
93.2489  87.8802  9.97861
91.8028  87.9272  12.2777
95.7973  89.6834  9.93062
93.9272  89.3158  11.9679
89.6764  85.7172  3.41576
91.9546  87.3338  3.4853
94.4881  88.6916  5.81659
96.8417  90.3844  6.57394
90.8345  87.673  1.16136
92.9353  89.5153  1.30372
93.8966  89.8377  2.71168
95.6584  90.7196  4.06748
88.7479  84.5529  9.52966
90.5444  86.1775  11.3563
91.1796  85.3079  7.7521
88.9595  84.0202  7.25702
91.6896  87.1735  12.3594
94.1839  87.5497  9.62543
94.3125  88.8187  12.0844
96.6581  89.4422  9.48562
92.0548  86.2693  3.51262
89.9283  84.8954  4.21249
94.5887  88.0898  4.63919
96.7991  89.6019  6.25836
92.923  88.4921  1.40112
90.5811  86.4484  1.52008
94.317  89.8301  1.97784
95.9641  90.7229  3.41877
90.0551  86.6852  12.1651
88.2544  84.8767  10.121
91.5691  87.7128  12.758
94.1409  89.404  12.402
96.6001  89.9599  9.99422
97.1992  90.6664  5.84392
95.6642  91.2402  3.11323
94.1655  90.3926  1.82979
92.6833  89.2376  0.797659
90.2562  86.9924  0.984672
89.0037  84.8691  3.30107
88.1246  83.8562  6.99071
