20  10  -50
76.1505  37.4566  -12.908
101.756  22.4354  7.52824
85.3847  8.15867  32.4622
69.1616  -2.91461  56.8295
60.7326  -8.78116  72.0832
94.1593  41.2654  12.2443
119.192  56.1504  35.8285
138.012  67.6465  55.6668
150.69  75.2151  65.1695
61.3494  65.4009  9.3342
45.6776  51.6753  32.1517
31.076  33.5908  28.1422
21.1754  21.9051  25.3788
79.5837  56.0742  11.4378
101.182  74.2952  31.4495
118.839  90.0117  50.6889
129.791  98.9868  61.275
63.7143  -13.9787  -36.8403
87.833  -24.1585  -17.5261
117.239  -36.2161  -0.0822411
132.38  -46.7312  8.99837
