96.5285  -16.2486  -6.37705
98.3972  -16.7864  -7.83228
111.541  -22.3284  -2.24994
107.071  -24.4657  1.03428
95.8955  -19.4624  -4.78232
16.8533  27.3898  -30.193
21.4643  28.4544  -24.3291
25.4935  21.0497  -20.3203
22.0765  18.1319  -25.602
28.4257  35.9401  -16.8154
32.1831  27.0112  -16.0566
34.0661  41.6399  -14.2925
39.8372  48.9516  -12.2822
41.44  39.7628  -11.6453
35.8827  33.7271  -14.1979
46.2544  55.3363  -11.0027
47.4538  45.9833  -10.8102
51.0199  59.5559  -10.6815
53.0252  52.161  -9.98161
50.1385  56.9376  4.34421
53.6103  53.3273  7.569
56.5839  55.7274  1.9619
52.7601  57.8928  -0.18013
29.2344  13.2206  -20.2163
36.5093  12.0998  -17.5645
38.126  9.75271  -17.2817
32.3138  8.58805  -20.0425
36.1914  22.5141  -14.8229
41.0326  21.838  -13.4926
37.5708  16.1483  -16.4909
31.5428  17.1306  -16.7926
46.5857  27.305  -10.5928
46.3965  22.3648  -12.2979
43.4323  26.3562  -11.642
54.3371  43.6948  -8.58064
57.3397  37.4727  -7.48234
51.9181  31.6814  -10.8927
48.547  36.1085  -11.0563
60.9216  53.1782  1.47965
60.0917  53.5673  8.04173
63.912  51.058  8.58435
64.7216  50.4261  5.45231
69.3367  25.4973  -6.0626
65.9497  29.0382  -4.41012
69.4214  31.6885  -0.858627
74.0852  28.6541  -1.01912
77.6261  47.3795  14.7974
76.7127  40.2922  12.0753
81.6512  38.8901  16.5694
74.6542  41.7871  13.4357
74.3116  22.7495  -6.99627
77.3193  25.1893  -4.63064
87.6494  24.1361  -6.83043
85.1802  21.8356  -7.85456
86.332  36.0108  16.5484
82.6228  33.1349  12.4564
98.4648  14.752  -7.20188
94.7315  18.5644  -7.19733
94.8653  20.3023  -7.17501
97.548  16.5816  -7.8181
89.5892  19.1402  4.86015
91.3624  19.3616  -0.264397
89.2423  24.4678  1.52888
88.9819  25.0357  8.14675
53.2608  61.3868  -9.13721
54.479  60.0261  -8.3012
57.0986  56.7249  -7.11985
56.4009  55.9645  -8.65274
59.5317  49.9788  -7.49809
60.2343  51.147  -6.08711
63.5905  44.9121  -2.16853
61.0102  43.7229  -4.12369
71.5524  35.512  2.72229
76.285  32.3644  3.13826
75.8472  31.0834  1.64223
70.47  34.0001  0.67902
80.3233  28.4256  1.26461
88.5162  26.8101  -4.22397
89.2755  26.1402  -5.02634
79.8508  27.4126  -1.09898
53.3683  25.7042  -10.9394
53.1469  21.6695  -12.179
50.2511  22.4445  -11.917
50.2825  26.603  -10.7387
52.9799  17.7005  -13.712
48.232  18.0445  -14.0955
47.6714  12.3907  -15.704
47.4702  14.4416  -15.3775
54.4249  14.9553  -14.1686
55.415  13.1458  -14.0529
98.3767  13.7917  -7.84589
97.7482  12.5882  -8.68402
94.0437  16.9765  -8.96819
94.5743  17.6484  -7.76107
84.3653  20.8452  -8.39954
82.7449  20.788  -9.70743
72.035  21.8685  -9.03149
73.5415  21.9101  -7.96941
65.2116  24.6227  -7.82867
65.6756  26.5621  -6.50671
68.8968  23.9691  -7.24044
68.1569  23.2263  -7.86805
49.1076  30.5041  -10.8158
52.6809  28.4796  -10.6507
73.4322  36.9488  5.66839
77.9846  34.2223  7.00198
60.3257  52.0453  -3.90816
63.832  46.9321  0.601852
53.7047  61.4453  -5.41981
56.9998  56.8038  -4.29022
43.6088  31.7234  -11.795
39.1803  27.8  -13.2729
86.1313  29.029  4.88511
88.613  30.0244  10.5789
58.6124  21.7354  -11.5028
58.7812  25.4753  -9.89143
64.7521  21.2317  -9.68351
68.6325  18.5564  -10.4198
59.3861  18.0896  -12.6203
72.8205  16.0292  -10.6619
61.0857  15.4255  -12.9919
75.249  12.5608  -10.2079
62.1274  13.3499  -12.9856
43.8974  17.0145  -14.8795
42.7992  13.3841  -16.2971
42.6297  11.2801  -16.7729
58.0885  27.3987  -9.16248
57.4138  30.0583  -7.89896
63.3551  33.726  -3.39315
64.8843  37.8636  -0.910511
67.2554  38.7592  1.18095
68.1404  40.8081  4.23706
68.2103  46.0492  12.3159
72.1973  49.7809  16.3836
94.6664  20.9244  -4.1874
96.0285  17.8849  -8.02741
93.5207  8.50956  -8.09503
88.4757  11.8617  -9.30673
17.0598  33.3696  -35.4311
21.0554  34.6003  -29.9114
27.7567  42.9049  -22.3984
33.946  48.44  -17.3593
40.7119  56.283  -12.9068
46.6466  61.9814  -10.1887
51.0441  65.5821  -9.02918
53.1704  67.6505  -6.11013
52.0701  63.7321  0.680008
49.1748  60.739  8.31865
17.7143  35.2552  -41.4448
23.8145  37.3256  -36.4636
30.5964  45.9959  -28.0295
36.2233  51.4996  -22.6101
42.3762  58.7747  -16.652
48.6533  65.3397  -11.9945
52.869  69.3486  -7.81335
54.5211  68.6222  6.38021
51.2193  64.7416  11.4305
54.4196  70.2803  -2.08191
22.6802  35.9134  -45.1171
29.661  37.8947  -40.6708
33.8968  43.5383  -33.6323
39.8334  50.7241  -26.8622
45.7243  57.9579  -20.102
51.5384  64.6213  -14.1741
56.7954  70.6328  -7.83637
58.3545  69.2858  9.2938
55.462  66.5189  14.8524
58.4738  72.0942  -0.161587
27.8631  34.1373  -49.0031
34.5528  29.8665  -51.5146
40.1804  33.0339  -45.6872
35.2434  35.993  -43.8798
41.7599  36.0396  -40.4573
36.8613  38.5947  -38.0406
46.3444  41.9708  -33.9555
43.8342  47.7509  -30.4088
52.3492  49.2934  -26.6987
57.3399  55.0747  -19.8788
54.5174  60.4477  -16.883
49.0649  54.0434  -23.7101
63.4004  62.6868  -9.91095
60.1389  68.6007  -8.44221
63.7557  69.622  10.2647
69.2561  67.879  9.30619
66.3413  63.9537  14.429
60.8898  66.4447  16.9046
64.6281  71.586  0.223438
69.2954  67.5322  0.443508
76.5029  57.697  -4.74567
80.1288  60.0889  2.25627
73.479  63.1995  9.0555
72.221  62.0753  0.893864
75.3202  48.9419  -13.3809
80.86  53.0984  -4.81647
71.232  53.9947  -12.4822
45.6373  17.9351  -56.0982
51.671  21.1394  -50.8235
49.3651  23.703  -50.4151
47.8136  21.4104  -53.7667
56.193  25.0342  -46.1337
52.5084  27.3658  -45.6456
59.8418  28.4897  -41.1855
56.5057  31.2663  -40.39
63.22  31.3238  -36.2401
68.0849  34.6153  -30.7583
64.8853  38.5866  -29.3295
61.1061  35.2169  -34.8012
72.1451  37.6267  -25.023
66.4493  40.6585  -24.5834
82.877  46.1032  -8.72649
86.8204  48.5023  -0.18557
82.1203  51.6096  -1.60734
76.4398  41.0345  -18.158
49.069  13.2186  -55.9616
53.6883  17.7253  -51.0041
58.5211  21.3731  -46.3559
63.4974  25.1675  -41.4774
66.9795  28.5349  -37.2124
69.9444  29.813  -32.7809
71.6187  32.7227  -28.4256
90.9696  42.575  -10.0231
95.2164  45.2226  -2.33107
80.4555  36.9588  -20.3632
52.405  9.81775  -55.0354
55.8373  12.8881  -50.729
60.5564  16.6613  -46.0924
65.5866  20.252  -41.2596
69.0697  24.4635  -36.6979
74.4092  25.5047  -32.0557
80.9004  30.5132  -25.5174
95.4422  37.0534  -6.78149
98.2887  37.7051  2.50601
87.8763  33.9775  -16.8011
54.8999  7.68546  -53.1609
55.5842  3.25788  -52.1657
58.7704  2.91262  -48.173
58.3157  7.80935  -48.989
62.194  4.34829  -44.8714
62.0957  10.8495  -45.3749
68.1449  5.66099  -40.0044
67.104  14.0529  -40.7647
73.4821  19.2736  -35.5984
79.1227  13.3168  -33.9921
86.6896  15.6827  -27.8031
82.5211  21.931  -29.1898
94.3406  19.7808  -20.5164
88.8759  25.4525  -22.4459
104.009  31.221  -1.44587
110.823  25.0159  1.0594
109.154  24.7482  9.48515
103.838  30.5704  10.853
106.507  24.8747  -8.65126
100.322  29.9831  -10.7437
55.6897  -11.8065  -47.1294
60.6411  -13.1709  -42.5647
60.8467  -9.86458  -44.2653
58.0655  -8.65649  -48.3057
67.2889  -15.3559  -39.088
66.5564  -12.226  -40.1007
66.5019  -3.47674  -41.9377
73.6846  -6.98923  -36.4528
82.5428  4.38506  -31.6123
94.7157  8.63263  -23.2019
109.548  19.7109  1.78383
105.776  19.3255  5.70236
110.251  19.5643  -5.65648
103.75  14.1571  -14.4158
76.4064  3.37026  -8.0363
83.5799  8.48938  -10.3474
89.267  4.72339  -8.23307
79.8425  -1.96445  -6.37688
47.9444  10.3121  -15.3622
42.5057  8.51139  -16.5664
56.2468  10.7117  -13.4122
37.5713  6.64626  -17.3836
32.9797  4.58869  -20.6111
73.8407  9.32506  -10.5084
62.9016  10.8448  -13.0671
48.5719  5.26685  -14.3186
42.6695  2.49491  -15.494
57.6634  5.19857  -12.3177
37.8695  0.634962  -17.2368
33.6736  -0.194468  -21.5006
71.8301  5.26291  -9.33516
49.1389  -3.13276  -13.9212
43.7511  -5.5684  -15.5385
60.0478  -2.63411  -10.1705
38.4943  -6.74787  -19.5966
34.4392  -5.11239  -24.1351
50.4467  -11.5073  -15.4323
45.4274  -13.1289  -18.1791
69.8368  -0.852586  -7.38081
70.7706  -8.25879  -6.86541
59.1537  -11.0475  -10.6233
41.393  -14.1032  -23.0532
37.5097  -10.8242  -25.9201
49.6139  54.3432  6.47934
51.7954  52.1642  10.3111
57.0142  52.5288  13.798
47.9455  58.6013  10.3784
49.2067  62.8058  13.7806
52.3014  64.6517  18.5428
60.4231  61.9853  21.4215
57.0201  64.4072  18.2656
47.6498  54.0592  10.145
50.7167  50.7571  12.0713
54.6321  50.0061  19.1583
46.2946  58.0552  13.1018
48.1694  61.8327  16.115
49.9749  62.9108  21.0265
56.8712  58.8911  20.9996
54.2518  62.4375  22.0848
44.9301  51.4742  19.0095
47.5592  48.3962  19.9139
50.4335  46.4857  22.413
42.5394  55.0942  21.802
44.6505  59.5181  24.5207
47.9304  60.7714  28.2955
53.6782  56.465  26.2538
51.9676  59.7839  26.9356
43.1499  51.0676  23.4426
47.0587  48.3116  23.9022
48.4751  45.8211  26.1799
39.9345  54.1945  26.0446
39.8904  54.9736  32.8839
38.8426  55.0646  28.8422
40.782  56.8075  28.881
43.3737  57.717  32.2504
49.3853  53.1329  34.4775
47.5264  57.1247  33.4756
64.1429  57.7638  17.4148
61.287  55.8848  19.1433
58.0859  52.8336  21.4348
53.8016  48.6157  23.9892
50.5546  45.9497  29.7555
61.0728  57.7599  21.2341
65.2113  60.908  17.6553
58.0493  55.502  23.17
54.2957  52.0339  26.8969
50.7573  48.7771  32.9823
40.8615  51.2294  24.6593
45.2815  47.9322  24.3685
48.545  45.2502  27.4774
39.0939  53.7876  26.2792
49.6492  44.9414  30.6488
41.2502  48.9615  23.9614
44.2739  46.8881  23.8551
46.3639  44.7365  25.8004
38.5228  52.3057  25.805
35.5696  50.086  27.8532
36.2768  49.8165  24.1771
37.3563  52.9982  29.2932
37.8611  51.4717  33.0421
36.1504  48.6592  30.1394
42.5883  52.7884  35.8478
45.7967  48.6965  35.9733
42.928  45.2604  35.313
39.6511  48.0415  35.2728
48.0224  43.7986  30.0006
48.9459  46.092  33.2166
46.2274  44.3291  33.4686
38.5875  47.8747  21.7052
42.5434  45.2503  21.4251
44.6318  41.8517  24.0509
45.2656  41.0953  28.7731
36.9657  42.8947  20.0648
39.9425  40.5542  20.6009
40.618  37.3624  22.8885
33.8798  45.0604  21.8659
32.0832  45.3018  26.3221
32.5365  43.976  30.8149
39.8254  43.7139  32.9187
37.2489  39.1953  32.2392
34.5163  41.9472  32.2647
37.3113  46.2049  31.9083
41.3456  36.5743  27.408
43.3168  42.1205  30.1922
38.6733  35.9344  30.978
33.6605  41.4573  20.5849
37.2757  38.3208  20.556
39.1692  35.1794  23.088
31.2915  43.2006  22.7399
29.4787  42.0961  25.8457
30.3715  41.4677  30.014
34.6321  35.4208  32.3304
31.8814  38.3478  32.2929
39.6458  34.116  26.1483
37.4836  33.3417  29.7863
33.111  38.1177  19.7448
35.8007  36.2506  19.9222
37.2808  33.8888  21.7079
29.3453  39.9417  21.9282
27.3926  39.4035  25.5696
28.5177  38.4769  29.3157
33.1175  32.9969  31.4343
30.8217  35.8854  31.7194
37.7369  31.8143  25.8902
35.1492  30.4833  29.4373
28.2878  34.2847  19.2008
32.1992  31.5101  19.3526
34.9454  29.2769  22.2021
25.4234  34.9778  21.1001
24.8108  35.8672  23.919
25.303  35.3561  27.3519
31.1117  29.3647  30.4206
28.4506  33.3218  30.3932
33.8413  26.9293  25.8554
32.3134  26.9673  28.985
26.3085  28.8935  18.2677
28.77  26.8053  18.3425
30.8988  25.1667  20.9031
23.3079  30.3732  20.1517
22.162  31.8465  22.9535
22.3576  32.064  25.6971
27.2467  28.075  29.3958
28.6256  29.2369  27.679
26.9567  30.2487  27.2233
26.6805  29.8747  29.255
30.1132  22.837  24.4998
30.1359  23.7667  27.411
28.96  25.3794  29.2275
27.9889  23.0363  22.9911
29.3247  24.5134  20.8245
28.0056  26.7146  18.5346
24.4878  23.4936  20.9908
24.9296  28.08  18.522
23.2903  27.9467  20.0489
22.9384  22.6685  23.8995
21.6131  24.0171  25.9582
26.723  23.481  26.7109
28.1184  22.8503  25.2804
22.2424  28.9947  21.9476
22.2021  30.2214  23.5074
66.6304  57.4751  17.0862
68.7548  61.1931  16.0898
24.6731  30.0466  25.1919
23.9516  30.2616  27.263
23.8953  25.3926  26.972
28.7047  29.1162  30.1528
27.32  31.9588  30.0929
27.8627  26.1723  28.9948
21.9432  24.2695  27.119
25.8861  24.6909  27.2458
23.0357  29.7152  24.5453
22.6166  30.9878  26.573
24.9557  32.8664  28.2491
27.8529  28.3626  29.564
26.6854  31.0252  29.3589
28.5822  28.142  27.9698
22.6375  25.1455  26.5922
26.0322  25.0994  27.2003
23.837  30.4442  24.5786
23.0257  30.3647  26.5014
24.4764  31.7284  27.6749
25.3472  30.9618  28.3441
26.3783  26.0657  27.59
92.5714  14.6078  3.44311
94.4382  16.9524  -4.1982
68.1091  49.3958  -19.6188
61.0329  42.2637  -28.1018
57.6233  38.4312  -33.5343
53.9333  34.5471  -38.9649
49.5168  30.0985  -44.6279
45.591  25.8378  -49.8183
43.4139  22.2719  -54.5643
69.8099  55.2064  16.5453
77.5953  54.6962  20.5648
81.8341  52.6036  17.6152
70.0457  59.6444  19.0066
73.3727  63.5376  14.8418
76.2635  63.8055  7.94309
81.7728  56.7358  2.89342
78.145  61.1546  3.44366
75.3257  59.1131  22.0436
78.3115  54.342  19.901
86.4572  55.4938  21.8396
75.2727  64.2928  22.4707
78.5228  67.7443  17.986
81.7376  67.1672  10.8652
82.7796  62.696  5.68478
85.9219  60.1516  7.86253
77.914  63.3511  25.4117
78.4506  57.8427  22.987
85.1287  56.2893  23.4029
78.801  67.4621  25.0536
81.7375  70.5783  20.6328
83.3656  68.5263  12.3564
91.0557  64.2837  13.4435
87.2246  66.8704  10.8626
84.8213  69.0738  31.3909
89.5172  65.6242  34.2644
94.264  63.4239  33.032
83.6585  72.4815  26.3075
95.3657  80.021  26.9452
91.8869  79.7597  30.1068
88.206  76.3115  25.2991
91.7215  75.9177  21.4611
95.8318  67.9366  18.8982
92.8897  71.4581  17.258
90.7789  56.5044  19.4312
89.4393  54.2518  17.8244
92.0506  57.8397  21.4752
93.6599  59.6459  24.1545
98.8282  64.1712  29.7565
88.7192  56.7474  11.7696
85.471  52.2806  6.98278
91.9984  59.6512  15.6693
93.0734  60.8229  17.8616
98.0399  64.8483  23.478
90.0121  71.4815  36.3621
93.1132  67.6987  36.929
97.8472  66.2925  35.7282
88.8182  76.1284  32.4608
101.57  66.2047  32.2896
93.1872  75.3046  39.0375
95.0512  70.2918  39.066
99.9745  69.1301  39.4571
93.4685  80.0065  36.401
101.858  85.8063  37.3348
98.7214  83.6667  40.3587
96.3006  82.5951  33.2777
100.476  82.752  30.6566
105.906  85.6033  35.016
100.005  77.2935  25.252
103.147  72.5131  26.4766
106.932  77.3913  30.4797
104.446  81.3325  30.1078
103.944  68.8016  35.5882
103.24  68.4208  29.6544
106.783  72.3697  32.3886
98.3629  79.4556  43.54
99.181  73.7073  42.8179
104.658  72.4594  42.8207
109.824  73.9367  40.5319
102.677  81.374  47.7074
103.565  77.0743  46.6973
106.667  74.4543  44.4273
100.419  83.2962  43.5092
99.8056  83.582  37.2477
103.971  84.9382  35.5022
108.31  78.5902  32.4314
113.087  81.4975  37.7627
109.825  84.8234  36.4207
104.945  79.97  30.1316
110.099  74.6282  41.5804
107.384  74.0924  32.8854
111.03  76.1425  37.8334
103.429  82.4013  47.7804
105.084  78.2313  47.7079
110.89  77.852  48.9578
104.005  86.6908  46.2571
106.879  89.9485  45.0427
108.725  88.6416  40.7168
118.703  84.5672  43.74
114.969  87.7219  41.5126
116.22  79.2505  48.713
118.777  81.3021  46.3867
108.788  87.3544  53.5087
109.774  82.0094  52.767
114.772  80.6411  52.8311
109.019  91.4511  50.8654
111.869  93.5445  48.5592
115.871  93.2172  46.6195
121.065  88.3918  46.3404
119.08  91.4341  45.8805
119.358  81.544  50.8678
121.983  84.5475  48.5679
115.427  92.3491  60.8745
116.356  86.5054  59.1421
121.084  84.3042  57.6547
114.019  94.8791  57.5847
115.49  96.8488  54.6553
118.16  96.5954  51.9542
124.784  89.35  50.4983
121.226  92.9993  49.1976
124.547  85.0807  54.8288
126.272  87.3082  53.1004
119.142  94.6839  64.5005
121.382  91.39  64.8466
123.806  87.9178  62.7668
119.124  97.7693  62.5752
119.527  99.6284  59.3979
121.01  99.9254  57.1038
124.875  93.466  53.3697
123.075  90.3849  51.5208
124.653  95.3265  54.9441
123.237  94.7521  53.0851
127.615  88.2716  60.3727
129.35  89.4626  57.4143
128.997  91.2851  55.3616
125.548  88.5419  58.9034
121.857  87.269  59.1512
120.886  90.4261  61.6436
126.308  94.5202  63.4936
117.934  92.2064  60.4861
119.923  95.7052  60.2528
128.133  98.2197  62.3584
129.109  98.851  59.9177
127.56  91.6267  56.0566
127.023  90.0796  57.7463
119.797  97.7215  58.7004
121.01  97.9785  56.6699
121.584  95.7989  54.424
118.888  93.9039  51.4891
127.103  97.6319  57.8598
125.299  92.0025  51.7934
122.377  94.171  50.9385
127.983  92.0872  54.8622
129.073  98.8082  58.8499
126.72  92.1563  54.7663
121.821  97.1916  55.1805
122.136  98.9713  55.9438
120.67  96.2431  51.9983
125.965  92.5034  53.5113
123.482  93.7443  52.0016
125.867  91.2265  53.5918
128.414  97.6633  58.3365
126.146  91.4483  54.0832
121.972  96.643  55.1669
120.26  96.1675  53.9195
121.889  96.2471  53.5326
122.624  96.103  54.0287
125.216  92.2167  53.8435
88.7825  50.5815  19.1805
87.7297  50.9553  10.3858
69.9893  59.9433  -6.76001
86.555  42.5212  18.0638
90.5054  38.3497  19.4176
92.7098  34.6073  17.2813
91.5079  50.716  20.3377
89.9695  51.2805  13.2634
91.4909  50.3644  6.51817
97.6615  40.3766  5.15665
98.9252  47.8709  5.04472
91.5443  45.8987  22.8188
91.8469  39.29  20.7596
98.4334  37.1573  22.201
93.2152  51.55  21.8605
95.6994  53.6228  16.6416
98.4346  51.5333  8.72014
102.692  43.2694  8.51566
95.1527  44.9198  2.03793
95.3203  48.2753  26.861
97.274  42.8326  27.191
102.986  40.4924  26.6276
96.7027  52.9463  24.9745
101.202  56.0499  21.6706
100.813  53.4241  13.5987
108.487  46.7547  13.962
104.706  50.3557  10.9103
106.374  52.1889  36.9367
109.213  47.61  37.4093
113.795  46.3076  36.9001
105.551  57.6522  32.3058
116.436  63.025  30.2135
112.315  62.9095  33.7403
110.179  61.2478  29.161
112.477  59.8255  24.7007
118.63  51.9799  23.8533
115.058  55.9494  21.4395
98.3871  34.8469  16.9522
93.8293  31.4184  15.0261
101.692  36.7368  19.6449
106.68  40.1533  22.5238
117.412  45.5365  32.5078
101.344  38.4338  12.1398
98.164  34.5205  10.3204
105.539  40.1865  15.5776
107.331  42.2865  16.7672
119.058  47.6872  27.4282
110.039  55.7861  39.3837
112.49  50.5927  40.0724
117.763  48.1691  38.721
110.079  60.2881  37.0355
121.248  47.4007  35.2204
112.789  58.3457  41.6682
115.629  53.369  42.8278
120.248  50.6674  42.4609
114.21  62.8587  39.9581
123.137  67.5401  40.0955
120.409  65.8934  44.6041
117.36  65.2148  36.6803
121.685  64.7521  33.5511
126.676  66.4867  36.9304
120.999  59.277  28.1052
123.593  53.5969  29.0984
127.251  57.3004  32.6022
126.288  62.3537  32.973
123.619  49.511  38.4517
123.064  49.3025  32.2508
126.811  52.5839  34.9688
117.926  60.3401  45.9587
121.688  56.418  47.7433
125.242  53.5454  46.1158
128.809  53.3389  42.7179
119.779  60.8364  46.7893
120.924  56.2635  46.1478
126.184  55.3062  46.7347
122.529  66.4951  47.2571
123.826  68.1929  43.1228
125.594  66.8232  38.2138
130.786  60.9347  36.2444
131.061  60.7026  37.9458
126.98  63.4072  35.234
129.223  64.227  35.7644
130.919  55.657  44.7327
131.548  56.6108  39.5324
133.696  58.2449  42.5043
126.972  65.3091  53.2585
128.47  60.965  53.2597
132.594  58.7576  52.4368
127.487  69.6039  51.2231
130.226  72.103  49.3147
133.31  72.0412  46.6075
139.601  64.0082  45.6946
137.144  68.8672  44.7023
136.488  58.5486  49.7113
139.429  60.7281  47.902
130.491  67.5194  56.6144
131.552  62.8662  56.2436
135.982  60.7112  55.6347
131.171  71.8924  54.6304
134.43  74.3674  52.0387
137.945  73.3694  48.8607
142.833  67.4305  48.7295
140.667  71.053  47.8393
140.102  60.6635  52.8537
142.606  63.1029  50.3419
135.099  71.1371  60.9448
137.883  66.9076  62.021
142.306  63.8894  60.1667
136.535  75.3524  59.7724
138.282  77.3403  56.7665
139.574  76.118  53.0709
146.561  68.7517  52.298
142.567  72.2899  50.3887
145.63  63.97  57.0133
147.089  66.1527  54.1377
136.501  71.415  62.1797
136.717  67.1265  61.4335
139.197  64.992  60.0663
140.889  77.7428  64.4326
141.324  79.4311  61.2536
142.62  79.2382  58.2792
146.559  65.9991  60.7244
150.851  67.8356  59.315
150.683  69.6856  56.8693
148.905  70.1327  63.6865
146.622  69.4169  65.0332
143.847  71.4941  66.5887
148.53  74.8648  67.7774
141.137  74.5986  65.0447
141.606  76.4726  63.4526
150.483  76.6876  65.2847
150.463  77.2198  61.7163
147.689  69.8176  56.9783
148.617  68.7909  59.6862
139.919  77.4409  60.0966
140.562  77.2338  57.6156
146.932  70.9113  53.0195
143.734  73.5394  51.9663
150.607  71.2239  56.7774
148.98  76.5695  59.1332
148.344  71.5515  56.6365
143.284  77.7437  57.8074
143.709  78.5742  57.4668
142.157  76.3428  53.7258
147.429  71.5654  54.381
144.819  73.0272  53.0214
150.272  71.7304  57.3008
147.884  75.8231  59.0019
148.529  71.383  56.8103
142.824  77.2869  57.7044
144.723  78.4027  58.5673
143.228  75.7387  54.3887
144.777  73.471  54.3454
143.945  75.8966  56.0244
143.842  76.8146  57.6762
146.995  75.2823  58.4089
147.55  72.239  56.8178
146.793  72.0922  55.0692
65.8876  55.1847  -15.4113
59.8291  48.5424  -24.0239
53.8504  41.6863  -31.3136
50.1089  37.4024  -36.9729
46.4758  33.1249  -42.8373
42.7627  29.0672  -48.4998
38.2768  24.9272  -54.4022
92.6372  28.9484  14.5199
97.4841  30.5238  13.3392
88.2253  23.5657  12.1442
88.3878  17.1806  7.00383
91.362  12.075  6.86518
92.004  28.134  15.3288
94.4816  28.2756  16.9084
99.975  27.1341  17.9307
103.82  16.445  13.3894
104.266  23.2314  12.7498
85.4985  21.2676  15.7859
84.4471  17.288  9.1582
87.1902  10.8515  10.474
90.6811  26.2778  17.7265
93.9257  26.349  20.219
96.8021  24.9852  20.4586
99.6428  13.5734  18.5918
99.3791  20.4482  18.6709
79.6163  16.1836  20.552
80.0859  10.2365  20.069
81.9088  5.12969  21.7047
82.6346  20.1507  23.5862
87.1543  20.9023  27.2982
93.2946  19.8338  29.8368
95.0494  8.17372  29.568
95.1422  13.6725  31.1519
75.4537  10.8524  29.0603
76.4254  5.95654  27.4662
79.0389  1.87034  28.7393
77.7489  15.3575  31.8274
83.72  11.463  42.8556
80.2141  14.3247  39.9023
81.8063  16.6971  35.1698
87.2775  14.2836  37.634
90.3066  4.69865  35.953
90.9419  9.37412  37.0299
96.4717  10.7587  9.78905
98.3467  12.7207  5.22838
92.5975  8.92413  12.4612
86.901  3.16917  24.0705
82.8774  -0.631256  31.8039
101.185  12.3316  11.9829
103.095  14.6005  6.06345
97.1233  9.89904  16.0411
92.2662  4.63044  26.7643
87.5061  1.08182  33.3067
74.2201  11.3085  34.0115
74.394  5.13102  31.8975
78.1567  -0.134447  32.4546
77.0384  14.5718  36.729
81.5681  -1.87838  34.1857
72.3141  8.66444  35.6002
71.9648  4.37616  35.2163
74.6844  0.211187  34.7597
74.4081  12.1141  39.2515
74.708  10.0671  45.7404
72.0224  10.6694  41.5069
78.0075  12.7663  40.7578
81.6874  11.0605  41.0775
78.4461  8.62192  47.2321
87.4948  7.22609  41.5291
87.2087  1.8194  39.5009
84.7938  3.19235  39.0248
84.3053  7.48331  41.3349
79.495  -2.0284  35.7774
84.4317  -1.19746  36.4295
82.9705  -0.361977  36.9953
69.9523  8.34061  36.4714
70.0244  3.3871  35.0967
72.8798  -0.828636  36.1514
76.645  -2.9706  39.4072
66.0602  2.67554  45.8031
67.4509  -1.25434  44.3819
69.9445  -4.63142  45.5338
67.2251  6.02826  48.8638
70.5802  7.11629  51.7648
75.182  7.1137  49.2872
81.8161  1.32311  46.6472
78.4749  -0.10183  47.2276
78.6772  4.16321  48.5811
81.4809  5.59479  47.5085
73.5342  -6.26537  47.6412
79.6966  -2.41173  43.8106
76.1107  -4.5025  48.2059
64.7981  2.32544  49.0395
66.0937  -2.11497  47.4531
68.9899  -5.92379  48.1827
66.0637  5.15453  52.0796
68.2933  5.65758  55.1781
71.9042  4.25604  57.0021
75.5849  -4.14116  55.8186
75.7882  0.932272  56.3481
71.7561  -7.45248  50.4796
74.0291  -7.18396  53.3375
62.8691  1.13812  51.9149
63.9743  -2.13828  49.8427
66.423  -6.31624  50.5258
64.0573  3.85342  55.0547
66.7791  4.10984  58.6794
70.2999  2.37811  60.4024
73.1148  -5.41363  59.5526
73.5176  -0.500238  59.4077
69.7909  -8.64038  53.391
72.4314  -8.0017  56.4787
59.7744  -0.561628  56.8686
60.319  -5.26134  56.0078
63.639  -9.13338  55.7836
60.6597  1.46262  60.0652
62.3723  1.82847  63.5327
66.5384  1.43022  63.568
70.4447  -7.4123  63.0054
70.4861  -2.31028  62.828
66.1305  -10.963  59.2716
69.4121  -9.82033  61.5284
57.1506  -3.41247  61.9275
56.9515  -7.65711  62.4652
60.3797  -10.015  59.9078
57.9393  -1.20842  65.2126
59.1691  -0.681151  67.6555
61.6925  -0.796717  68.2095
67.0622  -6.26923  65.9681
66.0928  -5.78844  61.7965
65.2696  -4.3628  64.7767
66.874  -4.37847  65.9338
62.5784  -11.6938  62.1562
64.8849  -11.9508  65.0138
66.8505  -10.4769  66.482
61.2873  -11.0623  64.7034
59.2371  -9.3609  62.0894
57.0567  -7.70281  64.418
58.1492  -8.24051  68.4502
57.1427  -4.08341  62.5399
57.9589  -2.33925  64.6563
59.7765  -8.29336  71.3854
61.388  -8.20995  71.9971
63.3884  -10.0237  66.9955
61.8248  -10.6095  66.8937
59.2294  -2.55032  66.4704
60.5567  -3.23824  67.7634
63.2129  -2.28389  63.5081
64.2727  -2.04033  64.5636
63.0483  -5.97292  69.0601
69.1713  -6.51808  64.7741
69.2365  -3.1545  64.6249
66.4036  -9.51475  67.33
61.7004  -6.52171  71.474
64.0075  -8.8411  66.9989
61.6987  -1.29016  64.7037
62.7515  -1.77726  68.4291
66.5582  -0.993967  65.5837
67.9118  -7.02295  65.4622
67.6769  -3.90811  65.1321
66.1017  -7.96008  65.0602
62.8101  -7.49941  70.265
64.3877  -8.53787  65.9592
62.4826  -2.28675  64.3741
62.7426  -2.38599  67.6485
65.2748  -1.93527  66.3322
65.905  -3.10733  66.234
64.3623  -7.3295  65.9831
99.1726  15.5303  -3.08582
104.523  16.5913  -1.24229
101.085  15.2164  -5.49933
107.763  14.7304  -4.33129
102.542  13.3144  -6.13088
101.993  11.6998  -5.94211
101.713  10.5074  -6.59251
101.367  7.75198  -7.87204
97.0366  -1.24927  -6.98091
93.9857  -4.22688  -6.96864
94.8823  2.41068  -7.70498
104.424  7.34452  -7.97223
98.256  -1.6575  -9.26519
107.04  10.3806  -10.395
97.5248  2.48318  -19.3023
92.803  23.4965  -4.35823
92.3859  21.5985  -5.11261
88.5736  26.4087  -2.31533
81.8665  28.7248  3.14591
101.219  -17.096  -11.0937
113.373  -23.0039  -7.71194
103.301  -19.5003  -16.9396
112.847  -25.0452  -12.4573
103.445  -18.6571  -13.7453
94.8558  -24.8861  -3.94859
104.577  -28.8494  1.84441
94.132  -30.1455  -5.46077
102.76  -34.1009  -0.0733261
94.1802  -34.5469  -9.7127
99.9605  -37.3034  -5.2705
113.318  -27.586  4.73061
109.929  -31.0051  5.66879
108.359  -36.9442  4.42798
117.514  -25.3281  1.47757
118.749  -25.6549  -4.13843
117.829  -29.0034  -9.3931
108.505  -34.5869  -13.4963
112.622  -38.2649  -9.86569
115.464  -33.5786  -11.5713
112.184  -29.8511  -14.1782
106.913  -41.0416  -0.206924
104.338  -38.6721  -9.37334
108.605  -41.5704  -5.44534
116.702  -29.2356  6.4989
112.569  -34.029  7.4696
110.572  -39.2901  6.06739
121.009  -26.9336  3.45398
122.61  -27.412  -1.80767
122.262  -31.2476  -6.36614
115.83  -41.3689  -6.9986
119.149  -35.771  -9.12515
110.314  -43.0422  2.92975
112.064  -44.0735  -2.46641
120.077  -30.947  8.34575
115.805  -34.3672  9.40194
113.382  -40.5623  8.00943
124.14  -28.9243  5.59078
126.014  -29.0132  1.14211
126.325  -33.1546  -3.00212
118.834  -44.3312  -3.74117
122.458  -38.4326  -5.96873
113.761  -45.606  5.25668
115.682  -46.9695  0.715446
126.261  -34.6618  10.0073
120.789  -38.3934  11.4377
119.603  -45.0274  10.1313
129.558  -32.4493  6.47784
131.074  -33.2228  2.57107
131.35  -36.2498  -0.0696182
122.254  -47.7713  -0.515369
126.049  -41.0427  -2.89479
119.45  -48.9997  6.57689
121.831  -50.5194  3.20955
130.523  -37.5586  9.51202
126.371  -42.3209  10.7199
120.68  -45.9606  8.03046
131.154  -35.9091  5.79207
131.469  -36.0469  2.59066
131.499  -37.8004  0.47023
128.454  -46.027  1.64996
127.461  -46.8838  1.92498
128.027  -43.665  0.924625
128.329  -41.6708  0.43145
123.599  -50.2008  6.62612
126.816  -52.0707  4.47218
126.706  -50.9481  1.98609
128.191  -50.5306  6.18393
128.912  -48.3852  9.16185
133.069  -46.3648  10.6011
135.16  -47.6569  7.76904
134.85  -42.6192  9.82365
136.729  -41.6244  7.3457
136.223  -48.3927  4.69894
135.81  -48.0726  2.09995
128.85  -49.9353  1.71296
129.822  -50.5169  4.23278
137.289  -42.805  5.30138
137.219  -43.9241  3.41485
96.2493  -33.2983  -15.7689
101.438  -28.9141  -19.3637
103.898  -23.3276  -19.1377
133.201  -43.7778  2.8554
129.738  -40.8125  1.0321
132.247  -46.1407  2.35259
126.163  -46.7585  -0.476841
128.318  -41.7974  -1.85994
129.171  -50.0086  1.57781
135.177  -47.5161  1.09657
130.234  -48.7492  0.624653
135.639  -43.3472  2.00396
130.312  -38.2517  -0.559967
131.52  -38.7485  -0.661694
127.508  -47.0256  0.937763
128.083  -43.4277  -0.279541
128.535  -48.2523  1.83388
133.563  -46.7465  1.64439
128.922  -47.9289  1.04944
134.365  -43.5352  2.5931
130.325  -39.4659  0.367554
130.565  -39.908  0.0870476
130.026  -39.7574  0.736374
127.669  -46.7504  1.34556
94.9446  -12.8022  -8.88218
95.6188  -13.3864  -12.7316
103.248  -17.13  -14.1087
105.13  -19.9728  -17.6601
93.006  -23.6732  -3.80708
89.1215  -16.5089  -6.48472
92.1595  -30.2531  -6.41711
92.821  -13.3128  -6.88101
93.2  -35.1724  -11.9852
97.8606  -34.3297  -18.1919
101.431  -29.622  -22.3741
104.508  -23.9544  -20.5342
95.7458  -7.44946  -7.81782
96.6206  -8.05132  -11.0126
96.6351  -10.6398  -15.6445
99.027  -17.195  -20.7609
82.2157  -18.813  -8.93263
88.5737  -12.5142  -7.33914
86.2493  -30.4253  -10.834
80.6878  -31.2687  -16.5533
71.9798  -22.566  -13.0896
89.0969  -34.2189  -16.6899
94.452  -32.3303  -23.2775
97.9597  -27.7362  -26.3083
100.828  -23.3273  -23.9812
80.593  -14.379  -7.76714
68.9298  -15.8224  -8.91491
81.7507  -8.75228  -6.14632
62.717  -19.4147  -12.368
63.2061  -23.1196  -17.965
77.2239  -22.7357  -32.1967
72.5449  -16.7676  -36.6902
69.8892  -17.9287  -37.6419
70.1021  -20.8812  -35.5986
78.5247  -14.3115  -33.379
72.8521  -13.1861  -36.8608
87.1416  -4.17894  -28.0388
65.4576  -17.037  -39.7261
62.6981  -19.2503  -38.8418
59.2785  -15.4315  -42.5602
56.5338  -15.6187  -44.498
53.7061  -17.6354  -44.4406
56.3969  -16.4808  -42.6058
70.5017  -25.0932  -29.9023
65.0595  -23.3261  -33.5003
61  -23.9063  -29.0328
70.3224  -27.6563  -21.5606
53.7478  -18.5796  -18.9342
48.638  -19.5723  -24.1604
56.8311  -22.4425  -24.3398
53.4949  -22.6168  -29.6825
56.7795  -22.179  -33.4954
58.9109  -21.176  -36.779
44.4162  -18.8021  -28.7021
40.7211  -15.9465  -29.9571
49.3869  -22.0245  -32.3397
43.9174  -19.383  -35.885
54.2696  -22.6702  -35.6387
49.2524  -20.9885  -39.6363
55.0766  -19.4624  -40.4777
51.0426  -19.4  -43.2982
83.3378  -31.1047  -23.8336
86.9259  -10.5045  -25.3108
94.5583  -21.3412  -27.3601
92.471  -8.94736  -6.92955
21.1151  14.5724  -28.4289
16.8096  22.3157  -30.115
14.8863  29.775  -34.416
14.1548  31.5917  -37.8732
15.1654  33.5134  -48.7975
13.0005  33.0862  -42.7658
19.6513  26.6517  -61.0825
30.9634  17.9188  -61.2859
33.6536  10.7216  -63.2553
47.064  4.56022  -58.4128
32.5742  -4.31593  -26.2341
31.3006  -0.53759  -24.6141
35.0759  -8.86316  -27.7151
25.688  10.1394  -24.6181
26.1236  23.5143  -60.4256
44.9367  -16.9308  -48.1734
51.1855  -14.7072  -47.705
45.915  -12.2517  -52.2922
38.099  -13.4757  -30.2228
36.4824  -18.8914  -39.5098
32.0266  -16.7636  -37.1347
40.159  -19.8697  -42.723
44.3559  -19.1791  -44.7241
18.1689  14.9694  -30.4724
13.9  24.2601  -33.1334
28.8043  -1.97681  -27.1932
26.6193  2.49959  -26.2624
30.4783  3.09951  -23.4777
31.6633  -5.86251  -28.2165
34.1218  -10.4841  -30.5006
20.3419  10.2167  -29.0297
38.0805  -15.5081  -33.6146
29.7472  -12.9462  -34.2034
26.062  -7.03689  -31.266
19.6519  -1.27442  -29.8014
18.4053  3.23341  -29.0487
13.1472  15.2779  -31.7025
15.802  9.647  -30.4525
9.73189  22.4291  -34.5948
10.6565  29.091  -38.4505
85.1942  15.631  -8.01178
98.9275  -1.83332  -13.9729
106.295  8.01905  -8.44959
90.0492  -7.76542  -6.6024
90.2663  -1.3188  -7.73089
65.5486  5.47448  -10.4969
28.4777  6.07328  -23.7744
22.5413  6.46407  -27.1951
17.6891  6.67681  -29.0685
145.009  77.3631  58.3713
148.82  72.1633  56.8161
146.937  74.9242  57.8006
104.284  10.219  -5.77263
106.87  11.1365  -5.1657
20.858  32.4179  -52.4129
24.318  28.9642  -56.4427
51.8234  -7.52522  -53.0768
59.9448  -1.75616  -46.5349
56.8714  -1.39583  -50.8646
51.0056  -1.83699  -55.26
89.8347  -27.2169  -28.2601
69.5191  -10.4912  -38.5276
67.4506  -9.1125  -41.0585
60.6587  -6.23156  -45.5841
57.6979  -5.37302  -50.0037
54.5463  -4.24305  -53.2001
145.585  68.5639  53.8106
143.915  69.2797  52.6162
146.028  71.0367  54.4319
148.403  69.9987  56.2158
150.013  73.9445  57.8086
151.796  72.109  59.3043
152.974  74.7691  60.4205
153.309  72.6422  60.6436
142.384  71.615  52.6538
145.111  73.8623  55.0057
148.221  76.4785  57.7568
151.091  77.8794  60.4292
140.695  74.1176  53.8344
140.034  75.7055  55.493
142.428  77.6937  57.9503
143.421  76.0687  56.0709
145.585  80.0216  61.1808
146.876  78.5145  59.1044
146.814  81.0725  62.7369
148.474  80.2393  61.5648
145.102  68.8786  52.7193
147.757  69.8453  54.7986
146.06  71.3523  53.4963
143.65  70.0744  51.8858
151.459  71.8769  58.0125
150.165  74.2574  56.8953
153.831  73.0454  60.2816
153.269  75.21  59.6632
145.288  74.1644  54.1291
142.943  72.0207  52.1997
148.447  76.8574  56.9175
151.403  78.3067  59.6678
141.236  73.9455  52.9365
143.466  76.2454  55.0376
141.916  77.3634  56.4744
140.076  75.4165  54.2742
147.001  78.8027  58.1312
145.032  79.7917  59.5914
148.741  80.5716  60.6944
146.639  81.1448  61.7027
148.067  69.224  55.5415
145.213  68.3189  53.1672
151.942  71.4854  59.1456
153.872  72.7123  60.8633
154.448  73.8399  61.6237
154.276  76.346  61.9323
154.822  76.8885  62.154
154.921  74.1451  61.7167
153.058  79.1324  62.4111
153.44  79.4712  62.3363
150.412  80.8712  62.8413
148.148  81.4711  63.3621
148.226  81.7945  63.5099
151.043  81.263  63.0247
154.366  77.3621  61.4396
154.892  74.7636  61.3088
153.249  79.4306  61.6702
148.486  81.7891  62.8669
151.312  80.9071  62.1038
146.441  81.2088  62.4969
141.427  77.5473  57.331
144.647  79.9748  60.6735
139.566  75.4682  54.8097
140.147  73.7287  53.0016
141.847  71.6282  51.9525
143.397  69.4495  51.9978
69.7109  -5.23409  58.3668
69.9906  -2.90199  57.5846
67.9313  -5.74215  64.7042
68.3482  -6.36333  59.522
66.3867  -5.2623  62.999
65.6188  -8.76735  64.8519
64.5102  -7.04427  66.0857
64.4829  -9.67979  66.2881
69.1796  0.0769053  57.4218
67.2516  -2.47092  64.246
65.6333  -1.98469  62.8044
63.3931  -3.17689  65.9982
67.4486  1.0011  58.8928
65.661  0.939658  59.9112
62.7812  -1.323  65.5825
61.4736  -1.6098  66.7701
70.1764  -5.25856  59.2063
68.7861  -6.57041  61.5176
68.8057  -4.80277  63.5015
70.2872  -2.54001  59.2668
66.8074  -8.28224  64.7441
66.7871  -6.06087  66.236
65.3563  -9.42942  66.4628
64.9884  -7.40251  68.2168
68.1436  -1.53307  62.8653
69.4643  -0.119037  59.2213
66.0093  -2.67727  65.8566
63.8105  -3.59253  68.218
66.2097  0.454494  61.8292
67.8778  1.08842  59.5796
63.6283  -0.851529  65.4694
61.7434  -1.60052  67.4593
68.7519  -6.89773  60.0263
70.0544  -5.41322  58.3585
66.2698  -8.99463  64.2593
64.8463  -9.8875  66.183
63.6929  -9.8644  67.8339
63.2168  -8.39458  68.6515
63.0555  -8.03355  69.2929
63.7184  -10.1198  68.0079
62.0821  -4.98635  68.8788
61.9296  -4.81256  69.5867
60.8834  -2.54852  68.2189
60.7986  -2.58552  68.683
63.4143  -7.50417  69.5174
64.1398  -9.64692  68.1924
62.7632  -4.84862  69.4612
61.457  -2.84181  68.9596
61.0907  -1.49101  67.2725
65.6436  1.20456  60.6297
62.4779  -0.687603  65.5431
67.5668  1.31535  58.9493
69.5348  0.0981579  57.9967
70.5148  -2.7722  57.7834
119.052  86.1465  47.6373
116.907  87.4309  46.4966
123.115  91.6818  51.8864
119.856  86.0924  47.9594
122.562  90.4203  50.5791
124.106  89.0947  51.8553
123.459  91.4234  51.7558
126.534  90.7878  54.3008
113.475  89.4531  46.2736
119.784  94.0124  51.8748
120.387  93.7201  51.5062
120.684  94.7873  52.566
113.444  91.2684  48.2167
114.639  92.7249  49.7033
118.592  95.9208  53.4864
120.144  97.3495  55.2864
119.976  86.8948  47.8079
121.891  87.7044  49.1002
122.478  91.326  50.2358
118.658  88.9263  47.2663
124.721  89.9822  51.6334
123.583  91.3976  50.5798
126.353  90.7649  53.3926
125.084  92.8758  52.3787
118.95  93.3553  49.9282
115.699  90.273  46.8549
120.984  94.349  51.0736
122.468  96.3408  53.3254
115.446  93.248  49.3668
114.003  91.8022  48.0505
118.425  95.9179  52.5321
120.142  97.6265  54.7641
120.461  85.9489  48.2147
119.321  86.0511  47.6536
124.432  88.884  51.7825
126.584  90.4514  54.0161
127.089  91.8899  54.9359
125.271  93.8192  53.9774
125.969  93.9697  53.9755
127.338  91.7909  54.9066
122.482  96.5902  54.5224
123.341  96.6263  54.4717
121.164  97.8996  55.902
121.38  98.1856  55.8646
125.602  94.2179  53.3822
127.194  92.0675  54.3177
123.78  96.5107  54.0169
121.957  98.0588  55.2787
119.757  97.6164  55.2943
113.658  92.5589  49.0244
117.69  96.0175  53.2033
113.262  91.4924  48.1991
114.336  89.615  46.4117
117.524  87.5433  46.5135
32.3547  32.4108  29.873
31.7551  34.5023  29.886
29.9235  32.0987  29.5633
30.5886  29.3483  29.4869
26.7989  28.2198  28.9527
27.3882  25.4779  28.6448
24.5815  25.0694  28.3272
26.3395  23.6221  28.3431
29.7297  35.6796  28.8389
27.355  32.9613  28.4004
24.2114  29.1776  27.7068
21.9526  26.676  26.9067
28.1525  35.9679  27.5713
25.6909  33.6033  26.7754
22.6144  29.6138  25.9519
21.1365  28.1554  25.3484
32.1825  32.4781  30.465
30.7995  29.9291  30.2194
29.4012  31.5631  30.2858
31.3991  34.3281  30.554
27.8428  26.6338  29.5865
25.9206  28.2502  29.699
26.0021  23.5951  28.9242
24.2211  25.2244  29.161
26.5858  32.8207  28.9697
29.8452  35.4644  29.7663
23.6867  28.7095  28.695
21.682  26.8001  27.7754
25.8282  34.2827  27.4775
27.9779  36.1561  28.1415
23.1091  30.7125  26.9693
20.9484  28.3343  26.0222
31.0691  29.4306  29.8668
32.6594  32.5239  30.1261
27.9437  25.2483  28.8947
26.2135  23.0949  28.4913
25.1914  22.8319  28.2161
22.7782  23.6903  27.9113
22.5651  23.2757  28.3004
24.8932  22.569  28.4435
20.7204  25.38  26.6311
20.6611  24.917  27.0858
20.3785  26.8851  25.4205
20.0128  26.5128  25.6223
22.5024  23.9117  28.6339
24.4198  22.9235  28.7981
20.8481  24.9465  27.6574
20.1467  26.6988  26.1314
20.5232  27.8769  25.3023
25.6644  34.3039  26.8509
22.3917  30.2394  25.7418
28.2165  36.467  27.6542
30.171  36.3488  29.2289
31.8686  34.8236  30.2689
121.241  -44.6064  -1.68991
121.593  -41.4243  -2.86341
123.975  -42.9526  -2.26911
123.21  -46.7402  -0.828274
126.082  -46.0658  -1.25954
124.041  -47.6663  -0.542786
128.944  -47.0602  -0.507484
126.477  -48.254  -0.039875
124.545  -38.5963  -2.40684
127.078  -39.5512  -1.72351
128.927  -42.6935  -1.22519
131.296  -44.3557  -0.452774
127.051  -37.0567  -1.1542
129.481  -38.05  -0.191814
129.942  -39.6672  -0.148396
131.296  -41.6132  0.122982
121.143  -43.8713  -2.75418
122.632  -46.3049  -1.77414
124.156  -43.1024  -3.04832
121.944  -41.7924  -3.47472
123.638  -47.6636  -1.19727
126.892  -46.0537  -1.92804
126.587  -48.465  -0.633892
129.758  -46.9355  -1.07224
126.768  -39.5437  -2.74781
124.179  -39.3739  -3.21009
129.214  -41.5989  -1.8981
131.09  -43.9911  -1.18574
129.065  -38.0686  -1.13243
126.262  -37.2143  -2.17795
130.557  -39.1536  -0.355232
131.788  -41.1316  -0.0267982
122.105  -46.9191  -1.07209
120.623  -44.2691  -2.23596
123.588  -48.0252  -0.626129
126.537  -48.7413  -0.00678253
129.713  -47.4258  -0.536591
131.966  -43.8243  -0.367542
131.827  -40.7722  0.542713
130.685  -38.9931  0.212879
129.343  -37.4722  -0.391876
126.37  -36.6372  -1.58949
123.699  -38.1912  -2.95972
121.262  -41.2329  -3.34267
