814
96.5285  -16.2486  -6.37705
98.3972  -16.7864  -7.83228
111.541  -22.3284  -2.24994
107.071  -24.4657  1.03428
95.8955  -19.4624  -4.78232
16.8533  27.3898  -30.193
21.4643  28.4544  -24.3291
25.4935  21.0497  -20.3203
22.0765  18.1319  -25.602
28.4257  35.9401  -16.8154
32.1831  27.0112  -16.0566
34.0661  41.6399  -14.2925
39.8372  48.9516  -12.2822
41.44  39.7628  -11.6453
35.8827  33.7271  -14.1979
46.2544  55.3363  -11.0027
47.4538  45.9833  -10.8102
51.0199  59.5559  -10.6815
53.0252  52.161  -9.98161
29.2344  13.2206  -20.2163
36.5093  12.0998  -17.5645
38.126  9.75271  -17.2817
32.3138  8.58805  -20.0425
36.1914  22.5141  -14.8229
41.0326  21.838  -13.4926
37.5708  16.1483  -16.4909
31.5428  17.1306  -16.7926
46.5857  27.305  -10.5928
46.3965  22.3648  -12.2979
43.4323  26.3562  -11.642
54.3371  43.6948  -8.58064
57.3397  37.4727  -7.48234
51.9181  31.6814  -10.8927
48.547  36.1085  -11.0563
60.9216  53.1782  1.47965
60.0917  53.5673  8.04173
63.912  51.058  8.58435
64.7216  50.4261  5.45231
69.3367  25.4973  -6.0626
65.9497  29.0382  -4.41012
69.4214  31.6885  -0.858627
74.0852  28.6541  -1.01912
77.6261  47.3795  14.7974
76.7127  40.2922  12.0753
81.6512  38.8901  16.5694
74.6542  41.7871  13.4357
74.3116  22.7495  -6.99627
77.3193  25.1893  -4.63064
87.6494  24.1361  -6.83043
85.1802  21.8356  -7.85456
86.332  36.0108  16.5484
82.6228  33.1349  12.4564
98.4648  14.752  -7.20188
94.7315  18.5644  -7.19733
94.8653  20.3023  -7.17501
97.548  16.5816  -7.8181
88.9819  25.0357  8.14675
53.2608  61.3868  -9.13721
54.479  60.0261  -8.3012
57.0986  56.7249  -7.11985
56.4009  55.9645  -8.65274
59.5317  49.9788  -7.49809
60.2343  51.147  -6.08711
63.5905  44.9121  -2.16853
61.0102  43.7229  -4.12369
71.5524  35.512  2.72229
76.285  32.3644  3.13826
75.8472  31.0834  1.64223
70.47  34.0001  0.67902
80.3233  28.4256  1.26461
88.5162  26.8101  -4.22397
89.2755  26.1402  -5.02634
79.8508  27.4126  -1.09898
53.3683  25.7042  -10.9394
53.1469  21.6695  -12.179
50.2511  22.4445  -11.917
50.2825  26.603  -10.7387
52.9799  17.7005  -13.712
48.232  18.0445  -14.0955
47.6714  12.3907  -15.704
47.4702  14.4416  -15.3775
54.4249  14.9553  -14.1686
55.415  13.1458  -14.0529
98.3767  13.7917  -7.84589
97.7482  12.5882  -8.68402
94.0437  16.9765  -8.96819
94.5743  17.6484  -7.76107
84.3653  20.8452  -8.39954
82.7449  20.788  -9.70743
72.035  21.8685  -9.03149
73.5415  21.9101  -7.96941
65.2116  24.6227  -7.82867
65.6756  26.5621  -6.50671
68.8968  23.9691  -7.24044
68.1569  23.2263  -7.86805
49.1076  30.5041  -10.8158
52.6809  28.4796  -10.6507
73.4322  36.9488  5.66839
77.9846  34.2223  7.00198
60.3257  52.0453  -3.90816
63.832  46.9321  0.601852
43.6088  31.7234  -11.795
39.1803  27.8  -13.2729
86.1313  29.029  4.88511
88.613  30.0244  10.5789
58.6124  21.7354  -11.5028
58.7812  25.4753  -9.89143
64.7521  21.2317  -9.68351
68.6325  18.5564  -10.4198
59.3861  18.0896  -12.6203
72.8205  16.0292  -10.6619
61.0857  15.4255  -12.9919
75.249  12.5608  -10.2079
62.1274  13.3499  -12.9856
43.8974  17.0145  -14.8795
42.7992  13.3841  -16.2971
42.6297  11.2801  -16.7729
58.0885  27.3987  -9.16248
57.4138  30.0583  -7.89896
63.3551  33.726  -3.39315
64.8843  37.8636  -0.910511
67.2554  38.7592  1.18095
68.1404  40.8081  4.23706
68.2103  46.0492  12.3159
72.1973  49.7809  16.3836
93.5207  8.50956  -8.09503
88.4757  11.8617  -9.30673
17.0598  33.3696  -35.4311
21.0554  34.6003  -29.9114
27.7567  42.9049  -22.3984
33.946  48.44  -17.3593
40.7119  56.283  -12.9068
46.6466  61.9814  -10.1887
51.0441  65.5821  -9.02918
53.1704  67.6505  -6.11013
17.7143  35.2552  -41.4448
52.869  69.3486  -7.81335
54.5211  68.6222  6.38021
54.4196  70.2803  -2.08191
58.3545  69.2858  9.2938
55.462  66.5189  14.8524
58.4738  72.0942  -0.161587
63.7557  69.622  10.2647
69.2561  67.879  9.30619
66.3413  63.9537  14.429
60.8898  66.4447  16.9046
109.154  24.7482  9.48515
103.838  30.5704  10.853
109.548  19.7109  1.78383
105.776  19.3255  5.70236
76.4064  3.37026  -8.0363
83.5799  8.48938  -10.3474
89.267  4.72339  -8.23307
79.8425  -1.96445  -6.37688
47.9444  10.3121  -15.3622
42.5057  8.51139  -16.5664
56.2468  10.7117  -13.4122
37.5713  6.64626  -17.3836
32.9797  4.58869  -20.6111
73.8407  9.32506  -10.5084
62.9016  10.8448  -13.0671
48.5719  5.26685  -14.3186
42.6695  2.49491  -15.494
57.6634  5.19857  -12.3177
37.8695  0.634962  -17.2368
33.6736  -0.194468  -21.5006
71.8301  5.26291  -9.33516
49.1389  -3.13276  -13.9212
43.7511  -5.5684  -15.5385
60.0478  -2.63411  -10.1705
38.4943  -6.74787  -19.5966
34.4392  -5.11239  -24.1351
50.4467  -11.5073  -15.4323
45.4274  -13.1289  -18.1791
69.8368  -0.852586  -7.38081
70.7706  -8.25879  -6.86541
59.1537  -11.0475  -10.6233
41.393  -14.1032  -23.0532
37.5097  -10.8242  -25.9201
52.3014  64.6517  18.5428
60.4231  61.9853  21.4215
57.0201  64.4072  18.2656
49.9749  62.9108  21.0265
56.8712  58.8911  20.9996
54.2518  62.4375  22.0848
47.9304  60.7714  28.2955
53.6782  56.465  26.2538
51.9676  59.7839  26.9356
39.8904  54.9736  32.8839
43.3737  57.717  32.2504
49.3853  53.1329  34.4775
47.5264  57.1247  33.4756
64.1429  57.7638  17.4148
61.287  55.8848  19.1433
58.0859  52.8336  21.4348
53.8016  48.6157  23.9892
50.5546  45.9497  29.7555
61.0728  57.7599  21.2341
65.2113  60.908  17.6553
58.0493  55.502  23.17
54.2957  52.0339  26.8969
50.7573  48.7771  32.9823
49.6492  44.9414  30.6488
35.5696  50.086  27.8532
37.8611  51.4717  33.0421
36.1504  48.6592  30.1394
42.5883  52.7884  35.8478
45.7967  48.6965  35.9733
42.928  45.2604  35.313
39.6511  48.0415  35.2728
48.9459  46.092  33.2166
46.2274  44.3291  33.4686
45.2656  41.0953  28.7731
32.0832  45.3018  26.3221
32.5365  43.976  30.8149
39.8254  43.7139  32.9187
37.2489  39.1953  32.2392
34.5163  41.9472  32.2647
37.3113  46.2049  31.9083
41.3456  36.5743  27.408
43.3168  42.1205  30.1922
38.6733  35.9344  30.978
29.4787  42.0961  25.8457
30.3715  41.4677  30.014
34.6321  35.4208  32.3304
31.8814  38.3478  32.2929
37.4836  33.3417  29.7863
27.3926  39.4035  25.5696
28.5177  38.4769  29.3157
33.1175  32.9969  31.4343
30.8217  35.8854  31.7194
35.1492  30.4833  29.4373
25.303  35.3561  27.3519
31.1117  29.3647  30.4206
28.4506  33.3218  30.3932
33.8413  26.9293  25.8554
32.3134  26.9673  28.985
22.3576  32.064  25.6971
28.6256  29.2369  27.679
26.9567  30.2487  27.2233
26.6805  29.8747  29.255
30.1359  23.7667  27.411
28.96  25.3794  29.2275
21.6131  24.0171  25.9582
26.723  23.481  26.7109
28.1184  22.8503  25.2804
22.2021  30.2214  23.5074
66.6304  57.4751  17.0862
68.7548  61.1931  16.0898
24.6731  30.0466  25.1919
23.9516  30.2616  27.263
23.8953  25.3926  26.972
28.7047  29.1162  30.1528
27.32  31.9588  30.0929
27.8627  26.1723  28.9948
21.9432  24.2695  27.119
25.8861  24.6909  27.2458
23.0357  29.7152  24.5453
22.6166  30.9878  26.573
24.9557  32.8664  28.2491
27.8529  28.3626  29.564
26.6854  31.0252  29.3589
28.5822  28.142  27.9698
22.6375  25.1455  26.5922
26.0322  25.0994  27.2003
23.837  30.4442  24.5786
23.0257  30.3647  26.5014
24.4764  31.7284  27.6749
25.3472  30.9618  28.3441
26.3783  26.0657  27.59
69.8099  55.2064  16.5453
77.5953  54.6962  20.5648
81.8341  52.6036  17.6152
70.0457  59.6444  19.0066
73.3727  63.5376  14.8418
75.3257  59.1131  22.0436
78.3115  54.342  19.901
86.4572  55.4938  21.8396
75.2727  64.2928  22.4707
77.914  63.3511  25.4117
78.4506  57.8427  22.987
85.1287  56.2893  23.4029
78.801  67.4621  25.0536
84.8213  69.0738  31.3909
89.5172  65.6242  34.2644
94.264  63.4239  33.032
83.6585  72.4815  26.3075
90.7789  56.5044  19.4312
89.4393  54.2518  17.8244
92.0506  57.8397  21.4752
93.6599  59.6459  24.1545
98.8282  64.1712  29.7565
90.0121  71.4815  36.3621
93.1132  67.6987  36.929
97.8472  66.2925  35.7282
88.8182  76.1284  32.4608
101.57  66.2047  32.2896
93.1872  75.3046  39.0375
95.0512  70.2918  39.066
99.9745  69.1301  39.4571
93.4685  80.0065  36.401
101.858  85.8063  37.3348
98.7214  83.6667  40.3587
103.944  68.8016  35.5882
98.3629  79.4556  43.54
99.181  73.7073  42.8179
104.658  72.4594  42.8207
109.824  73.9367  40.5319
102.677  81.374  47.7074
103.565  77.0743  46.6973
106.667  74.4543  44.4273
100.419  83.2962  43.5092
99.8056  83.582  37.2477
103.971  84.9382  35.5022
110.099  74.6282  41.5804
103.429  82.4013  47.7804
105.084  78.2313  47.7079
110.89  77.852  48.9578
104.005  86.6908  46.2571
116.22  79.2505  48.713
108.788  87.3544  53.5087
109.774  82.0094  52.767
114.772  80.6411  52.8311
109.019  91.4511  50.8654
119.358  81.544  50.8678
115.427  92.3491  60.8745
116.356  86.5054  59.1421
121.084  84.3042  57.6547
114.019  94.8791  57.5847
124.547  85.0807  54.8288
119.142  94.6839  64.5005
121.382  91.39  64.8466
123.806  87.9178  62.7668
119.124  97.7693  62.5752
119.527  99.6284  59.3979
121.01  99.9254  57.1038
124.875  93.466  53.3697
123.075  90.3849  51.5208
127.615  88.2716  60.3727
129.35  89.4626  57.4143
125.548  88.5419  58.9034
121.857  87.269  59.1512
120.886  90.4261  61.6436
126.308  94.5202  63.4936
117.934  92.2064  60.4861
119.923  95.7052  60.2528
128.133  98.2197  62.3584
127.56  91.6267  56.0566
127.023  90.0796  57.7463
119.797  97.7215  58.7004
121.01  97.9785  56.6699
118.888  93.9039  51.4891
125.965  92.5034  53.5113
122.624  96.103  54.0287
88.7825  50.5815  19.1805
86.555  42.5212  18.0638
90.5054  38.3497  19.4176
92.7098  34.6073  17.2813
91.5079  50.716  20.3377
89.9695  51.2805  13.2634
91.5443  45.8987  22.8188
91.8469  39.29  20.7596
98.4334  37.1573  22.201
93.2152  51.55  21.8605
95.3203  48.2753  26.861
97.274  42.8326  27.191
102.986  40.4924  26.6276
96.7027  52.9463  24.9745
106.374  52.1889  36.9367
109.213  47.61  37.4093
113.795  46.3076  36.9001
105.551  57.6522  32.3058
112.315  62.9095  33.7403
98.3871  34.8469  16.9522
93.8293  31.4184  15.0261
101.692  36.7368  19.6449
106.68  40.1533  22.5238
117.412  45.5365  32.5078
98.164  34.5205  10.3204
110.039  55.7861  39.3837
112.49  50.5927  40.0724
117.763  48.1691  38.721
110.079  60.2881  37.0355
121.248  47.4007  35.2204
112.789  58.3457  41.6682
115.629  53.369  42.8278
120.248  50.6674  42.4609
114.21  62.8587  39.9581
120.409  65.8934  44.6041
123.619  49.511  38.4517
117.926  60.3401  45.9587
121.688  56.418  47.7433
125.242  53.5454  46.1158
128.809  53.3389  42.7179
119.779  60.8364  46.7893
120.924  56.2635  46.1478
126.184  55.3062  46.7347
122.529  66.4951  47.2571
126.98  63.4072  35.234
129.223  64.227  35.7644
130.919  55.657  44.7327
126.972  65.3091  53.2585
128.47  60.965  53.2597
132.594  58.7576  52.4368
127.487  69.6039  51.2231
136.488  58.5486  49.7113
130.491  67.5194  56.6144
131.552  62.8662  56.2436
135.982  60.7112  55.6347
131.171  71.8924  54.6304
140.102  60.6635  52.8537
135.099  71.1371  60.9448
137.883  66.9076  62.021
142.306  63.8894  60.1667
136.535  75.3524  59.7724
145.63  63.97  57.0133
136.501  71.415  62.1797
136.717  67.1265  61.4335
139.197  64.992  60.0663
140.889  77.7428  64.4326
141.324  79.4311  61.2536
142.62  79.2382  58.2792
146.559  65.9991  60.7244
150.851  67.8356  59.315
150.683  69.6856  56.8693
148.905  70.1327  63.6865
146.622  69.4169  65.0332
143.847  71.4941  66.5887
148.53  74.8648  67.7774
141.137  74.5986  65.0447
141.606  76.4726  63.4526
150.483  76.6876  65.2847
147.689  69.8176  56.9783
148.617  68.7909  59.6862
139.919  77.4409  60.0966
140.562  77.2338  57.6156
148.344  71.5515  56.6365
143.284  77.7437  57.8074
150.272  71.7304  57.3008
148.529  71.383  56.8103
142.824  77.2869  57.7044
144.723  78.4027  58.5673
143.842  76.8146  57.6762
147.55  72.239  56.8178
92.6372  28.9484  14.5199
97.4841  30.5238  13.3392
92.004  28.134  15.3288
94.4816  28.2756  16.9084
99.975  27.1341  17.9307
103.82  16.445  13.3894
104.266  23.2314  12.7498
90.6811  26.2778  17.7265
93.9257  26.349  20.219
96.8021  24.9852  20.4586
99.6428  13.5734  18.5918
99.3791  20.4482  18.6709
82.6346  20.1507  23.5862
87.1543  20.9023  27.2982
93.2946  19.8338  29.8368
95.0494  8.17372  29.568
95.1422  13.6725  31.1519
83.72  11.463  42.8556
80.2141  14.3247  39.9023
81.8063  16.6971  35.1698
87.2775  14.2836  37.634
90.3066  4.69865  35.953
90.9419  9.37412  37.0299
101.185  12.3316  11.9829
77.0384  14.5718  36.729
74.4081  12.1141  39.2515
74.708  10.0671  45.7404
72.0224  10.6694  41.5069
78.0075  12.7663  40.7578
81.6874  11.0605  41.0775
78.4461  8.62192  47.2321
87.4948  7.22609  41.5291
87.2087  1.8194  39.5009
84.7938  3.19235  39.0248
84.3053  7.48331  41.3349
84.4317  -1.19746  36.4295
82.9705  -0.361977  36.9953
70.5802  7.11629  51.7648
75.182  7.1137  49.2872
81.8161  1.32311  46.6472
78.4749  -0.10183  47.2276
78.6772  4.16321  48.5811
81.4809  5.59479  47.5085
79.6966  -2.41173  43.8106
76.1107  -4.5025  48.2059
68.2933  5.65758  55.1781
71.9042  4.25604  57.0021
75.5849  -4.14116  55.8186
75.7882  0.932272  56.3481
66.7791  4.10984  58.6794
70.2999  2.37811  60.4024
73.1148  -5.41363  59.5526
73.5176  -0.500238  59.4077
72.4314  -8.0017  56.4787
62.3723  1.82847  63.5327
66.5384  1.43022  63.568
70.4447  -7.4123  63.0054
70.4861  -2.31028  62.828
69.4121  -9.82033  61.5284
57.9393  -1.20842  65.2126
59.1691  -0.681151  67.6555
61.6925  -0.796717  68.2095
67.0622  -6.26923  65.9681
66.0928  -5.78844  61.7965
65.2696  -4.3628  64.7767
66.874  -4.37847  65.9338
64.8849  -11.9508  65.0138
66.8505  -10.4769  66.482
61.2873  -11.0623  64.7034
57.0567  -7.70281  64.418
58.1492  -8.24051  68.4502
57.1427  -4.08341  62.5399
57.9589  -2.33925  64.6563
59.7765  -8.29336  71.3854
61.388  -8.20995  71.9971
63.3884  -10.0237  66.9955
61.8248  -10.6095  66.8937
59.2294  -2.55032  66.4704
60.5567  -3.23824  67.7634
63.2129  -2.28389  63.5081
64.2727  -2.04033  64.5636
63.0483  -5.97292  69.0601
69.1713  -6.51808  64.7741
69.2365  -3.1545  64.6249
66.4036  -9.51475  67.33
61.7004  -6.52171  71.474
64.0075  -8.8411  66.9989
61.6987  -1.29016  64.7037
62.7515  -1.77726  68.4291
66.5582  -0.993967  65.5837
67.9118  -7.02295  65.4622
67.6769  -3.90811  65.1321
66.1017  -7.96008  65.0602
62.8101  -7.49941  70.265
64.3877  -8.53787  65.9592
62.4826  -2.28675  64.3741
62.7426  -2.38599  67.6485
65.2748  -1.93527  66.3322
65.905  -3.10733  66.234
64.3623  -7.3295  65.9831
104.523  16.5913  -1.24229
101.085  15.2164  -5.49933
107.763  14.7304  -4.33129
102.542  13.3144  -6.13088
101.993  11.6998  -5.94211
101.713  10.5074  -6.59251
101.367  7.75198  -7.87204
97.0366  -1.24927  -6.98091
93.9857  -4.22688  -6.96864
94.8823  2.41068  -7.70498
104.424  7.34452  -7.97223
98.256  -1.6575  -9.26519
81.8665  28.7248  3.14591
101.219  -17.096  -11.0937
103.301  -19.5003  -16.9396
94.8558  -24.8861  -3.94859
104.577  -28.8494  1.84441
94.132  -30.1455  -5.46077
102.76  -34.1009  -0.0733261
94.1802  -34.5469  -9.7127
99.9605  -37.3034  -5.2705
113.318  -27.586  4.73061
109.929  -31.0051  5.66879
108.359  -36.9442  4.42798
117.514  -25.3281  1.47757
106.913  -41.0416  -0.206924
116.702  -29.2356  6.4989
112.569  -34.029  7.4696
110.572  -39.2901  6.06739
121.009  -26.9336  3.45398
110.314  -43.0422  2.92975
120.077  -30.947  8.34575
115.805  -34.3672  9.40194
113.382  -40.5623  8.00943
124.14  -28.9243  5.59078
113.761  -45.606  5.25668
126.261  -34.6618  10.0073
120.789  -38.3934  11.4377
119.603  -45.0274  10.1313
129.558  -32.4493  6.47784
119.45  -48.9997  6.57689
130.523  -37.5586  9.51202
126.371  -42.3209  10.7199
120.68  -45.9606  8.03046
131.154  -35.9091  5.79207
128.454  -46.027  1.64996
127.461  -46.8838  1.92498
128.329  -41.6708  0.43145
123.599  -50.2008  6.62612
126.816  -52.0707  4.47218
128.191  -50.5306  6.18393
128.912  -48.3852  9.16185
133.069  -46.3648  10.6011
135.16  -47.6569  7.76904
134.85  -42.6192  9.82365
136.729  -41.6244  7.3457
136.223  -48.3927  4.69894
129.822  -50.5169  4.23278
130.312  -38.2517  -0.559967
130.565  -39.908  0.0870476
94.9446  -12.8022  -8.88218
95.6188  -13.3864  -12.7316
103.248  -17.13  -14.1087
105.13  -19.9728  -17.6601
93.006  -23.6732  -3.80708
89.1215  -16.5089  -6.48472
92.1595  -30.2531  -6.41711
92.821  -13.3128  -6.88101
93.2  -35.1724  -11.9852
97.8606  -34.3297  -18.1919
95.7458  -7.44946  -7.81782
96.6206  -8.05132  -11.0126
82.2157  -18.813  -8.93263
88.5737  -12.5142  -7.33914
86.2493  -30.4253  -10.834
80.6878  -31.2687  -16.5533
71.9798  -22.566  -13.0896
80.593  -14.379  -7.76714
68.9298  -15.8224  -8.91491
81.7507  -8.75228  -6.14632
62.717  -19.4147  -12.368
63.2061  -23.1196  -17.965
70.3224  -27.6563  -21.5606
53.7478  -18.5796  -18.9342
48.638  -19.5723  -24.1604
56.8311  -22.4425  -24.3398
53.4949  -22.6168  -29.6825
44.4162  -18.8021  -28.7021
40.7211  -15.9465  -29.9571
49.3869  -22.0245  -32.3397
43.9174  -19.383  -35.885
92.471  -8.94736  -6.92955
21.1151  14.5724  -28.4289
16.8096  22.3157  -30.115
14.8863  29.775  -34.416
14.1548  31.5917  -37.8732
13.0005  33.0862  -42.7658
32.5742  -4.31593  -26.2341
31.3006  -0.53759  -24.6141
35.0759  -8.86316  -27.7151
25.688  10.1394  -24.6181
38.099  -13.4757  -30.2228
36.4824  -18.8914  -39.5098
32.0266  -16.7636  -37.1347
18.1689  14.9694  -30.4724
13.9  24.2601  -33.1334
28.8043  -1.97681  -27.1932
26.6193  2.49959  -26.2624
30.4783  3.09951  -23.4777
31.6633  -5.86251  -28.2165
34.1218  -10.4841  -30.5006
20.3419  10.2167  -29.0297
38.0805  -15.5081  -33.6146
29.7472  -12.9462  -34.2034
26.062  -7.03689  -31.266
19.6519  -1.27442  -29.8014
18.4053  3.23341  -29.0487
13.1472  15.2779  -31.7025
15.802  9.647  -30.4525
9.73189  22.4291  -34.5948
10.6565  29.091  -38.4505
85.1942  15.631  -8.01178
106.295  8.01905  -8.44959
90.0492  -7.76542  -6.6024
90.2663  -1.3188  -7.73089
65.5486  5.47448  -10.4969
28.4777  6.07328  -23.7744
22.5413  6.46407  -27.1951
17.6891  6.67681  -29.0685
145.009  77.3631  58.3713
148.82  72.1633  56.8161
104.284  10.219  -5.77263
106.87  11.1365  -5.1657
145.585  68.5639  53.8106
143.915  69.2797  52.6162
146.028  71.0367  54.4319
148.403  69.9987  56.2158
150.013  73.9445  57.8086
151.796  72.109  59.3043
152.974  74.7691  60.4205
153.309  72.6422  60.6436
142.384  71.615  52.6538
145.111  73.8623  55.0057
148.221  76.4785  57.7568
151.091  77.8794  60.4292
140.695  74.1176  53.8344
140.034  75.7055  55.493
142.428  77.6937  57.9503
143.421  76.0687  56.0709
145.585  80.0216  61.1808
146.876  78.5145  59.1044
146.814  81.0725  62.7369
148.474  80.2393  61.5648
148.067  69.224  55.5415
151.942  71.4854  59.1456
153.872  72.7123  60.8633
154.448  73.8399  61.6237
154.276  76.346  61.9323
154.822  76.8885  62.154
154.921  74.1451  61.7167
153.058  79.1324  62.4111
153.44  79.4712  62.3363
150.412  80.8712  62.8413
148.148  81.4711  63.3621
148.226  81.7945  63.5099
151.043  81.263  63.0247
146.441  81.2088  62.4969
141.427  77.5473  57.331
144.647  79.9748  60.6735
139.566  75.4682  54.8097
70.1764  -5.25856  59.2063
68.7861  -6.57041  61.5176
68.8057  -4.80277  63.5015
70.2872  -2.54001  59.2668
66.8074  -8.28224  64.7441
66.7871  -6.06087  66.236
65.3563  -9.42942  66.4628
64.9884  -7.40251  68.2168
68.1436  -1.53307  62.8653
69.4643  -0.119037  59.2213
66.0093  -2.67727  65.8566
63.8105  -3.59253  68.218
66.2097  0.454494  61.8292
67.8778  1.08842  59.5796
63.6283  -0.851529  65.4694
61.7434  -1.60052  67.4593
63.0555  -8.03355  69.2929
63.7184  -10.1198  68.0079
61.9296  -4.81256  69.5867
60.7986  -2.58552  68.683
63.4143  -7.50417  69.5174
64.1398  -9.64692  68.1924
62.7632  -4.84862  69.4612
61.457  -2.84181  68.9596
65.6436  1.20456  60.6297
119.052  86.1465  47.6373
123.115  91.6818  51.8864
119.856  86.0924  47.9594
122.562  90.4203  50.5791
124.106  89.0947  51.8553
123.459  91.4234  51.7558
126.534  90.7878  54.3008
113.475  89.4531  46.2736
119.784  94.0124  51.8748
120.387  93.7201  51.5062
120.684  94.7873  52.566
113.444  91.2684  48.2167
114.639  92.7249  49.7033
118.592  95.9208  53.4864
120.144  97.3495  55.2864
120.461  85.9489  48.2147
126.584  90.4514  54.0161
127.089  91.8899  54.9359
125.271  93.8192  53.9774
125.969  93.9697  53.9755
127.338  91.7909  54.9066
122.482  96.5902  54.5224
123.341  96.6263  54.4717
121.164  97.8996  55.902
121.38  98.1856  55.8646
119.757  97.6164  55.2943
117.69  96.0175  53.2033
32.1825  32.4781  30.465
30.7995  29.9291  30.2194
29.4012  31.5631  30.2858
31.3991  34.3281  30.554
27.8428  26.6338  29.5865
25.9206  28.2502  29.699
26.0021  23.5951  28.9242
24.2211  25.2244  29.161
26.5858  32.8207  28.9697
29.8452  35.4644  29.7663
23.6867  28.7095  28.695
21.682  26.8001  27.7754
25.8282  34.2827  27.4775
27.9779  36.1561  28.1415
23.1091  30.7125  26.9693
20.9484  28.3343  26.0222
31.0691  29.4306  29.8668
22.5651  23.2757  28.3004
22.5024  23.9117  28.6339
24.4198  22.9235  28.7981
20.8481  24.9465  27.6574
20.1467  26.6988  26.1314
31.8686  34.8236  30.2689
121.241  -44.6064  -1.68991
121.593  -41.4243  -2.86341
123.975  -42.9526  -2.26911
123.21  -46.7402  -0.828274
126.082  -46.0658  -1.25954
124.041  -47.6663  -0.542786
128.944  -47.0602  -0.507484
126.477  -48.254  -0.039875
124.545  -38.5963  -2.40684
127.078  -39.5512  -1.72351
128.927  -42.6935  -1.22519
131.296  -44.3557  -0.452774
127.051  -37.0567  -1.1542
129.481  -38.05  -0.191814
129.942  -39.6672  -0.148396
131.296  -41.6132  0.122982
122.105  -46.9191  -1.07209
123.588  -48.0252  -0.626129
126.537  -48.7413  -0.00678253
129.713  -47.4258  -0.536591
131.966  -43.8243  -0.367542
131.827  -40.7722  0.542713
130.685  -38.9931  0.212879
129.343  -37.4722  -0.391876
126.37  -36.6372  -1.58949
